100 6 65
9200 -30773 -41119 -43355 -4681 35675 -5148 32911 -20299 3650 -39005 -22815 -42676 30454 27815 48001 29571 40790 -41010 -31237 33414 26094 333 16218 1985 -46268 -12243 11175 33919 -40780 20019 -25369 -25870 -38455 -845 26358 -13450 -5682 -25053 -22741 13267 -41582 -24503 29647 -45608 -42669 30107 30793 -4353 -33884 23405 36530 13103 44423 -130 -40680 21308 20638 31236 41150 29913 -31188 -26828 34098 -48470 -19455 33238 -38322 -31374 -18282 15180 -41673 29255 12651 10636 18822 -11613 -45366 19336 -42987 -8722 -34390 38540 47211 40045 34732 36087 20136 30283 -36608 -21056 30580 49527 -26568 -9507 -32 32069 28879 -35607 17233
180
21
26
9
32
18
10
30
13
2
7
35
3
6
15
22
25
1
2
6
15
31
6
26
26
6
28
12
34
3
17
3
29
13
25
27
11
5
31
18
2
35
35
8
25
3
3
16
1
31
15
27
7
27
18
21
26
23
29
30
8
22
26
1
6
19
30
31
28
33
32
4
19
26
18
5
25
24
23
19
13
28
32
19
35
10
25
14
34
35
35
23
36
25
30
19
27
18
4
21
33
35
7
36
13
14
27
3
21
21
4
9
3
28
35
21
11
4
13
10
8
33
32
19
4
5
6
27
15
8
7
21
4
8
12
7
1
28
16
18
16
18
22
36
11
16
27
12
5
35
33
1
35
35
35
1
20
27
28
34
11
14
19
23
22
1
25
18
17
13
15
19
27
14
36
5
7
35
26
22
8
