37340
4920
60800
24880
36100
93860
55060
60840
32260
10520
1020
104540
1460
62700
69820
3520
18120
15160
47200
14020
56300
56180
52900
1520
11200
29320
79240
67700
86300
54240
2540
109500
17820
5860
116300
6100
60580
79880
46660
40800
100480
49680
4880
53460
66180
56220
5600
59960
57460
119460
73740
52940
30300
16980
96300
35860
7840
34940
48000
9120
72580
2080
48400
69460
4080
33440
35640
34940
95720
16040
14260
93740
23860
112320
15060
83700
69960
72580
87440
82640
62920
70700
28800
21320
11360
13740
13020
44800
57860
50900
57300
63340
10760
97500
94860
55200
56520
56000
75780
78620
24660
32580
82000
47560
4880
113100
35700
3060
44260
51600
18240
24780
87860
17100
98760
44360
97240
32840
4400
51920
28000
76260
68840
27620
31560
2140
60640
34140
105080
85700
102580
62700
76660
67040
71200
92220
4940
100000
56440
23740
40000
45020
99440
15900
800
73140
38180
11520
52020
47740
95880
19100
6260
4320
23300
32140
61440
102660
17100
5980
88300
84000
55780
81520
31980
91740
102580
12940
4880
13040
38120
82900
9880
59460
30620
30560
96940
82140
50400
32080
38520
63120
13500
104360
44800
1600
69340
18000
28660
108140
4920
38300
30840
40660
32000
18260
78940
5060
22940
7640
97420
78080
65860
30780
38960
41200
73780
58800
84660
31980
80800
22740
46840
59460
47780
45040
63340
135420
104140
18320
54140
9240
20260
80640
28000
56240
122520
14940
7680
30620
32540
80780
46540
36800
48880
6360
43060
53840
24360
34440
57340
4240
41480
49440
98320
19020
120660
30840
6660
80240
42500
88800
69700
42640
78940
46900
31060
24040
12820
1300
87900
43100
60800
102120
42940
44960
19100
70260
34280
16580
82000
1020
65360
106760
10100
24140
3320
95960
39040
24400
109240
98800
11700
103840
34660
68960
30800
112800
22920
43280
96720
31900
33980
88660
51160
101460
45340
680
46580
9860
73120
4640
31960
40280
2980
41060
43780
42800
22400
128300
22940
62900
80540
103340
38860
14000
74440
8940
14720
63600
22400
96180
11740
108480
18240
16800
34940
52400
38520
29700
28000
23200
91080
31840
128800
102560
7240
61600
69740
55040
58000
16360
1760
99520
39040
38960
70260
24640
87440
24780
42940
104880
30800
19780
17600
121200
3740
63640
1060
82800
520
18840
16640
50940
6440
57860
93860
4260
7680
3380
30620
1740
88000
33060
92400
36960
35640
20100
73360
35600
14420
109700
50060
24100
72800
86040
49320
81200
16540
83740
500
22840
92160
13740
121880
109700
13360
60540
114480
46400
77420
49040
33900
8640
94400
112660
51420
137460
44500
51060
47060
115440
10640
31200
25960
12480
86620
107200
118120
93920
720
68500
33340
3600
800
13460
15600
2260
7640
72560
39440
98800
89420
39740
17560
3360
42020
11840
44420
44080
99600
1280
4500
19280
4520
92660
42500
46120
24960
88260
93880
56000
30540
44000
17360
111280
28540
15040
7700
10480
68040
16460
102160
104020
3040
87820
14980
58100
58540
35300
13020
59220
34900
103740
6680
46440
12220
11580
940
76120
58540
21420
24560
48180
3320
16580
49600
2000
100800
3820
57820
19900
41480
27620
28660
74500
57060
61220
16800
71280
84560
106080
81240
92720
58260
98800
43500
4660
69740
20660
20100
46660
89280
39200
29020
40180
6940
56980
34660
37920
37060
45780
84160
9160
14240
9740
88520
15360
7300
17020
17120
27280
44360
19360
52880
36660
48240
51920
73480
50760
6440
103100
8980
4140
102560
58760
23420
37880
56840
46540
5160
20640
33600
4080
1460
67200
5600
77120
9560
134620
67200
7560
70940
18540
88080
78400
73600
47300
42540
41680
128240
43500
33340
52020
73880
6940
6100
3320
133340
35560
25600
112540
8440
48700
59820
47340
38120
2800
1520
72800
8400
42240
28300
80160
22400
50400
123200
26820
13680
112300
32800
48400
63880
93460
3960
31600
8900
4400
108660
11380
33420
56000
100280
10120
72040
68840
85480
13480
83440
10660
33840
14760
13580
25900
65860
28000
17320
9920
92440
115300
1700
81720
20580
93600
78400
11200
33060
2040
17100
50920
71620
17600
74880
103600
26800
40520
13420
2380
340
52140
27320
16040
64440
31560
81200
112000
112000
35900
75060
22400
42800
12520
22180
35640
13240
19260
57360
66100
5160
128460
680
5820
520
31320
31500
47100
59560
14320
34360
18320
53740
102000
32000
8660
72800
46840
40480
3300
83660
31100
17600
51380
12220
2160
90880
10240
27820
9740
59560
71320
80940
19260
51920
31860
13500
11360
22720
12400
11200
4500
49880
108960
84000
15700
61980
101240
64740
21420
103600
67520
103360
4920
1020
84160
41580
99600
30280
4400
8160
83480
129480
2300
41740
26480
32000
33280
3460
44480
104660
64820
33860
94760
58780
35040
113020
45480
31600
69340
30560
7760
123880
41700
108960
54180
2000
118800
47900
34580
70980
17760
98580
220
65740
45100
97740
85740
10120
107860
39520
17460
77760
63760
49460
12480
26680
52640
9200
19460
32840
27240
96720
109500
60140
15320
31840
14000
60540
8260
22400
28760
6160
90100
40660
84760
21880
74080
71200
91460
78040
65680
19100
60880
79460
75560
130320
63840
16360
82720
44280
28760
58540
75080
7860
32500
21560
20000
81960
72500
18660
12400
56000
17340
44420
24240
36960
126260
2080
67640
50700
65060
11960
16560
36420
41740
62920
27680
95200
16800
103940
4840
55040
70000
19860
38960
43900
82900
16120
100960
35560
130420
39020
11040
28540
1100
37420
14260
31220
52100
54260
19020
51200
1700
54720
15600
37200
29760
34880
56800
39200
54540
72500
72300
17060
28320
39200
117440
13960
26820
56160
110000
2080
56220
31600
28000
23500
84520
130080
100800
13580
78920
43840
45780
34140
115300
7340
58160
110180
61840
18960
80160
52880
51680
48360
116420
14300
37840
65500
17740
46160
24140
640
34320
22080
41060
23480
23160
95720
15040
78400
800
34560
47420
26900
71740
60880
110380
80180
56000
66680
32280
101300
109700
53020
26180
27460
111500
33920
55440
19260
16000
92660
114620
13200
111460
28340
2760
35300
38540
20120
42940
35460
30260
21840
5220
11200
30300
108100
62560
5240
46400
84000
43780
88580
52040
38820
59560
51920
94860
22220
65880
54800
45820
62880
71280
92640
81020
88400
22400
17640
10000
128040
60840
47360
74540
35900
57280
8380
62800
35740
19580
40720
15600
760
26660
15600
34100
1100
1480
97060
94560
105380
103600
15600
50840
60580
52960
50780
6680
132100
45120
80100
4080
5380
31980
5040
1820
5600
25700
66840
19600
110300
61340
2160
2380
23700
58500
92940
13680
89080
23160
63360
22940
50700
74620
2540
91460
36720
5900
40900
9860
50960
45040
17600
39700
31600
1760
61600
81200
48020
48660
14000
520
8660
76540
39200
72640
29860
57740
21340
25700
20960
5080
30460
1860
75860
27480
18000
17900
49760
46000
32920
37680
21220
80400
77880
113520
35600
3900
66480
66260
20940
32520
120960
64440
28980
92660
48660
9120
97500
17340
94880
2300
3300
25460
63080
44580
14000
51480
5280
50040
30940
62440
54480
67760
75840
52540
50560
76160
38660
48240
39420
133640
32520
71820
12660
6280
54400
16040
100480
96400
11200
88580
13240
56000
132400
65740
105200
18940
114840
12500
66240
5600
83240
73520
55340
64400
40720
18080
46100
1520
37920
31300
99280
61240
44040
33080
4540
27560
31060
64160
48400
34320
87600
112720
41280
2000
16800
26940
52180
6400
60280
8980
78020
17740
96160
85520
24880
80900
8740
58100
31060
63240
3300
42040
84500
1200
3140
107420
97240
72540
42940
14700
31460
33060
40660
56800
103940
13740
6680
15780
25160
66260
39920
59740
12400
28800
96220
3120
45060
89760
66180
22940
30400
4800
5340
33900
49600
33280
61240
15020
91380
69360
33300
89420
30080
59100
12300
37860
41480
19060
9200
14760
26360
106840
38680
128460
64900
15820
111620
59560
19580
47560
24540
101320
13500
30240
19840
10760
7700
46320
23380
45180
74160
41740
16460
42760
10900
23360
85020
7300
83460
20000
2660
12720
15440
80560
92660
68100
89600
38520
93860
1460
56760
78720
104800
47600
640
13420
42520
23500
7640
41420
100160
38180
70180
33900
49220
15780
3100
26040
5340
20780
65920
47900
87300
55060
300
125460
8400
105680
64140
31560
21760
19860
91860
95460
5600
111340
8800
84760
67960
5900
102260
8140
106660
39960
7220
77960
13680
48780
14800
63460
54160
99340
76620
9560
87320
2220
14760
54160
5280
63640
17340
51860
4140
17340
4540
69860
7380
44260
47340
29700
14000
7240
29520
74560
28160
12000
44800
27240
80940
45320
70040
37040
60240
7300
11520
1740
29060
91900
8140
51360
22040
61260
32580
58000
16620
25160
12500
8920
72120
58760
22100
49960
18140
5380
94880
4240
104540
21860
117600
103860
103260
18760
31040
33040
48780
5600
2540
68100
48000
22180
1520
12000
61600
21880
45140
79380
65040
56800
47600
48360
59900
360
113180
23700
16620
3840
51060
14500
29820
108880
5380
8400
58300
53540
4500
11840
78700
92540
25460
58540
102840
440
30000
105040
42180
56760
72000
33780
120160
48160
16560
37920
54820
91360
47300
55100
22240
56000
45600
67520
105600
86540
19560
33980
64720
33920
29080
66120
29700
6280
27840
45740
114220
9580
26920
26820
10300
102580
90700
87500
28000
110660
50100
13680
9840
60160
18960
80660
15280
28680
15340
130500
49560
85180
28340
116000
71480
30400
76660
78840
12960
13960
26940
20240
12980
78220
35120
61980
28960
35840
61040
18960
45640
63840
81220
39880
68720
27620
1600
34540
84680
14040
6360
99460
12180
26260
5160
47340
46260
10020
19620
54000
1860
51080
26000
61100
17480
54540
16240
37920
88140
24400
8380
14260
50020
21460
19600
68680
55280
115120
13740
440
17640
57520
26040
29860
93200
3560
100800
137840
9420
31500
105880
119340
93120
78940
21120
48880
29460
114760
71960
94520
18880
64900
1200
82800
33060
124900
33900
40160
58040
111740
63340
16260
41740
75640
26180
63200
60580
118900
101740
74000
85600
81840
55760
83480
32400
5900
2820
86240
94100
47860
67840
5160
23380
78920
56680
75920
84180
37600
760
34240
26520
67540
1060
16800
14700
31900
44040
94820
8060
116240
7360
6800
42520
540
92360
41060
103280
88280
300
18800
30240
50220
25380
9200
37580
97740
106400
71100
123500
60320
18800
23760
11200
128260
39440
71020
9860
117900
64420
50400
84260
68160
66140
71100
42340
15060
41580
12160
24100
22400
13240
36420
28320
77860
101460
20020
26260
75600
13340
16800
31900
31600
40540
2040
16140
33340
39560
2300
39740
7120
24180
72420
92640
8720
36420
45480
51240
24140
30980
77900
76940
5260
81920
4420
1280
5420
60580
3120
760
31820
54000
79160
28440
1640
102400
6680
67720
33060
11420
18160
29100
77200
66480
16160
119880
128440
34280
21840
5900
28800
16580
97500
2620
3200
25200
105720
73460
130960
45560
38840
92140
30040
65560
45340
24960
94680
17020
113860
121360
9920
4080
6960
36140
36980
33840
17020
45560
40180
51200
40140
26660
46940
2480
32080
59140
81720
53380
26400
72800
28000
100800
33300
51840
2460
57860
5780
45240
42180
2840
29600
51580
47420
67200
61360
21080
87320
126800
520
71700
5380
19860
800
76320
39920
124500
59360
37160
33940
24020
106840
55560
100140
47560
94440
9160
35300
56840
25240
32240
18880
11540
54260
120660
42020
11020
65100
29100
103340
29840
98960
35340
61340
80180
10940
1860
21880
58300
45020
56840
88320
85100
45180
39200
115060
340
34940
29460
35060
13440
54220
91600
13660
10540
8140
10760
1100
6620
97960
60120
47600
57340
51600
64100
47340
79160
110900
91220
52500
79880
32580
15700
36100
44260
73980
37380
44040
55240
26540
36220
26220
121860
10700
86040
21440
74840
4620
103280
10300
26660
116120
50940
14040
21080
70040
52560
39200
32840
3560
34400
24680
63880
18120
98260
11500
3060
34120
46320
4800
33280
62500
77900
2840
19600
82140
2780
22080
92900
119060
520
63640
3600
48160
11420
115900
21120
58040
72580
56440
74420
73820
56000
34360
35360
70660
25180
46260
80700
73340
89260
66480
108140
71200
3140
68040
40720
800
112960
11560
3360
69820
34620
30460
40100
31460
18580
95960
17600
79880
30460
114480
42720
64940
12400
36140
33600
3640
1100
13200
58980
71480
36420
92400
15340
54140
79460
107420
131860
22640
84540
51680
53960
64900
6880
50740
7440
110000
100800
61360
35600
46640
3300
4260
9920
93840
95460
51600
35200
71960
46140
12820
1780
106080
25600
110240
9340
94020
32800
43280
23760
90620
15700
108680
42560
103420
49440
110380
120400
87900
42700
6040
25960
1780
82140
24800
7300
129140
22700
35640
47100
103100
15060
27760
20120
25160
30140
20880
16800
23420
31860
10900
7220
19300
61040
109460
12100
19300
34780
1700
36940
61600
32660
43340
19900
93460
31300
47580
840
79760
11200
23120
33840
103260
6800
8160
67760
128620
92140
40840
66520
47420
26720
56000
78220
1860
54480
16560
98800
1520
81860
39440
40720
520
41740
86100
17440
55560
91980
28540
85100
70340
95460
47340
41040
52440
58760
24700
98980
33600
24700
20640
92540
18280
131360
10940
103340
54400
19080
7880
43520
19640
48100
87060
4580
114000
2800
20760
46320
3640
52020
112540
23340
73900
33220
26260
110520
6620
94540
51920
12000
32660
98000
2000
33600
43520
6360
42260
12720
91600
16800
380
54920
126000
68940
46760
51740
21640
43500
113600
35740
2840
65580
23420
40300
50100
35440
31780
47340
3200
99100
33820
24900
72800
72580
11500
1740
44480
131840
53620
76560
1620
51160
9860
86540
29780
20700
5840
89840
4920
76540
99960
64100
56760
76320
56540
78920
55320
8720
26240
84540
38860
74320
16960
46500
9120
9500
89820
92140
59380
3600
79880
47060
11580
66100
67360
92580
23580
2140
63060
81240
40540
80440
75260
11200
20400
8220
31980
74120
29100
23880
17340
84000
49120
18540
78920
42340
10260
11200
70040
35840
29620
10520
37740
57280
29060
50400
19100
99700
110040
50400
67500
114560
92360
9200
70320
19200
113020
83320
48140
17120
7120
39200
122840
3040
15900
35240
64400
9060
68040
11200
15280
15780
39960
56300
16420
2820
62140
121500
78400
3360
70580
105500
74320
96480
5060
21860
7600
16480
41500
97960
69580
55760
22640
65740
105880
520
65040
34800
48760
40000
5600
7600
10660
10400
53740
58280
55100
32120
69820
65840
44420
50920
18320
113100
3820
340
34700
97060
34560
11540
9380
35340
63600
9200
33980
27620
58480
92140
88260
98540
3820
10400
74260
45120
49120
8920
14520
100300
78060
42020
94980
10000
47020
13200
98760
26720
3560
19280
41580
39720
30840
54980
45900
104300
106060
60800
28300
47900
79480
17180
35060
62800
36740
76400
121440
54220
106160
16280
25920
29020
100800
19020
28000
101340
26180
88160
66760
58980
8800
15200
28180
5600
29200
33080
5060
89060
70240
26000
86800
94300
65680
16120
8160
23860
47600
18900
83620
3300
26540
102800
18960
16560
4000
89300
17320
59500
35060
41360
56680
4700
39520
77640
3900
73560
49680
18660
23680
15200
14940
62620
560
35980
87140
21300
23840
3960
101900
64540
28940
6700
47560
23860
110260
79480
25760
10300
37160
21200
43040
35980
65200
24560
84940
112000
24540
61600
76660
34800
113860
66660
48240
49460
52100
72460
32700
39500
42660
6040
38520
10400
21960
6660
52940
51580
8360
61860
94400
14000
73560
24140
32640
100540
43520
66300
57860
28300
96660
49120
520
28680
119640
62960
84000
2500
90800
22400
98260
9680
17880
13360
43700
4080
18100
89160
32620
63200
56520
2460
106720
39740
21120
6120
63380
19600
52440
15860
61920
12000
14000
49680
10640
67020
25460
7980
2760
32840
108540
64440
100560
1460
12720
19280
55680
58800
98180
27040
60800
11860
51480
52700
8260
31060
51580
66900
13160
51860
8420
30940
41960
88500
96180
22400
15500
97680
49840
49380
49880
50740
34560
120400
16260
130320
87220
81160
11960
74560
134160
53160
75300
74160
14760
23920
14180
117280
43740
28260
81720
51420
35640
28260
16800
78400
110480
49300
6900
23420
83040
50400
70520
66020
103280
90400
67360
6620
72280
92540
95200
52940
29700
1620
72260
82920
36220
55660
18900
13480
16800
13740
60080
95960
58280
17020
104640
83640
57860
105640
5300
25920
40540
27780
58380
21640
73480
59520
29600
27440
9360
29740
69060
61280
96000
32580
20540
42500
70800
28000
6880
6440
55640
85360
340
72500
56520
59740
49120
31360
72560
112900
53340
54360
80940
20360
7220
20020
24700
45820
12180
79720
73440
24220
64640
8900
77420
49720
4000
58500
2300
98540
30840
15100
20540
98660
14980
99100
40900
86300
35080
9200
24560
88140
121920
106400
2480
20660
15840
37160
113340
43780
71720
54260
61600
72120
39200
24940
112000
33080
22400
54160
60960
9380
74080
14960
127060
18840
27500
24680
34660
34700
15600
39380
57300
7700
79920
12300
53220
15780
81600
107360
5300
84680
22400
85700
21860
15500
38660
74500
79740
12300
72120
69960
21300
47600
71440
5160
96820
13960
11020
26140
23760
11440
14940
39520
101020
3860
36980
74240
67200
560
38660
118400
43900
20160
45120
24680
12980
26140
61840
43460
2040
40300
17700
64260
22020
23380
43700
50400
31960
28440
12500
85840
2040
64440
36400
48020
48140
94220
102800
62700
65680
21300
30540
27700
37360
28720
3300
72280
112320
37560
19020
15840
79040
21300
92640
72280
102280
110240
12840
129900
48700
720
98000
16040
54980
128040
47920
101460
125060
52940
13500
81220
9740
56960
82220
69580
47600
71320
30000
7420
20920
3380
105420
19420
48880
14260
36740
89600
30300
102400
56520
8400
9500
46320
132360
52660
51860
43020
65200
64140
101120
86840
87840
100040
26240
105040
79200
73480
10000
18660
94660
15180
30040
12520
7740
1360
8440
102960
34540
6140
14000
24960
91460
46540
4580
59960
32320
52680
39880
22660
63360
87440
31300
40500
54820
69980
85640
57600
12260
20940
22160
34800
76620
7900
24940
30140
10000
78940
79880
25200
33860
57080
47420
93740
67200
77600
85360
8400
117080
12960
106140
76660
23200
48000
54180
86140
26980
55100
47860
44500
61840
54140
2480
77600
70240
105640
49840
36940
46320
72080
13440
30100
160
39200
59300
60540
109740
94640
7860
61600
26160
32500
15060
34800
23680
51580
46400
122880
13580
90360
50660
28840
78920
2820
36960
49600
51740
79040
67420
38120
15060
30460
76160
92360
30840
94180
28000
10100
31300
18260
60140
540
116320
23580
38700
52260
46080
56340
10960
109340
37360
45100
91120
23600
15060
30800
66220
95520
34660
47860
65460
74940
54140
67200
29300
28960
59120
33980
12160
2280
30540
40800
15860
9160
48920
64940
14800
64900
2820
96660
21640
18320
27240
28560
69200
77880
3060
13700
50840
66440
79160
78400
4760
48300
10680
12040
54300
94240
40280
62540
124660
52440
10680
74140
67200
72800
28680
58040
66520
41740
20760
17360
74080
33780
116400
1060
116420
108020
42960
21600
44800
95200
24880
113300
38680
94680
12220
29340
94000
101880
3440
46000
17300
57340
88920
37860
48640
77640
10840
84000
15060
77220
36960
22720
11380
50960
44120
47560
15700
82160
7840
53020
31560
66360
92900
93920
76020
5260
14140
63420
31860
106960
49600
18280
65500
9360
116520
14040
39500
14260
42040
97500
45180
36660
80140
49880
120920
13420
91760
16040
58840
11200
73340
26980
11640
113780
103340
62040
81160
59060
71280
56000
72800
24640
91440
19600
2480
9500
120160
51200
19100
97420
10360
28260
35460
17300
20660
97060
47340
73560
78900
13200
23120
18260
2240
97240
54820
31520
58560
27440
91440
5080
20800
46900
20660
67700
127700
88400
40720
21420
9740
1840
47100
51760
63300
30300
105340
108440
6400
37580
101320
67040
69820
51160
20100
23420
75560
40720
3340
100800
61420
19040
6580
6360
8960
16800
62800
112980
16960
59300
55020
91360
53600
46260
33380
68980
20240
35860
17020
42980
38400
85760
20560
7680
71840
45600
30480
53960
124180
1320
7860
61080
45600
18320
5780
5820
73320
97060
50700
9920
41480
15700
40660
82720
37200
9920
44260
114780
8220
95460
4500
14300
39200
80680
8660
47340
20640
16120
20940
7340
55700
8440
5040
56000
25160
63060
46640
41740
25500
4840
100800
44300
52940
113340
15020
9920
102660
26180
65860
15040
85080
75860
10140
27480
9860
33300
66180
14940
95200
80100
15520
8140
57440
56320
14020
78760
17320
40720
7880
95200
85100
35820
14700
43100
54480
81500
11920
32840
116660
13460
7900
27480
73460
11200
95380
17900
79360
11200
26220
35380
45240
70040
45860
9360
39560
55840
74640
40560
36660
87740
38820
26140
18540
66980
53460
59560
113460
20400
82660
48780
78720
31760
35080
47640
11200
39520
19340
58760
30040
29840
10820
66360
107500
27280
88500
82540
78720
60800
78400
45460
112000
75260
9920
87600
108360
101860
55480
118700
93240
16000
100800
38020
13760
48360
11200
62120
114940
134960
28840
45560
35900
45740
7600
37880
18960
58540
70300
51680
105460
25960
22080
15320
115100
70560
48660
102900
36900
64380
87460
31560
1700
45340
3900
74140
10120
34660
45140
12980
45560
6400
32400
41280
8100
82800
53180
77340
27660
57740
73340
88640
30940
64660
111040
13200
5760
18080
10140
9060
7300
56840
62120
42000
26360
82720
18000
17760
35460
41040
83240
80160
41960
64580
50900
35740
72800
54240
25460
84000
89600
14140
43600
81340
68380
27820
42760
14800
107340
67700
119080
103920
62960
51420
27700
37200
3460
71280
65200
30380
52900
42660
96900
9720
2300
30140
17560
14260
38660
66100
32940
80540
16280
58980
40960
74000
58540
79920
32880
73060
29840
75260
93840
80140
36540
44580
43700
43780
69460
2540
43740
38700
54800
49880
19940
102080
63640
91820
13960
48300
90800
4400
13820
34360
5080
28800
9840
42960
112000
18260
60260
57740
27200
54940
49640
29360
34560
97740
119700
95440
54720
12220
101780
20700
37740
22400
35360
26540
17820
63420
13440
21300
21720
113820
6260
77200
13660
19100
50660
18320
20160
78700
133640
61220
3640
20560
4000
135360
10140
64580
46160
9200
100260
32540
51880
1360
123420
63760
7740
3200
28840
88920
9240
6920
43700
14180
27700
118540
50060
47460
102840
19420
6940
79380
25180
11200
8960
17240
20400
127200
85280
2780
77380
7300
6680
118140
77860
26720
53520
51040
50400
38480
26540
18000
58800
71460
118400
70960
64260
42000
57700
300
30040
63820
30040
36440
45880
39580
32660
66440
32120
80860
49840
68300
3760
92960
6100
46840
27060
59060
98760
74080
680
106560
69060
116700
46280
17600
76320
88260
1820
101140
23060
84000
79480
21440
27160
13280
129360
81460
85440
102420
26000
72120
31500
129600
15500
56000
36080
62700
84500
36000
74100
34920
42240
85320
67720
18420
78400
50400
6140
46140
21080
22180
62660
46320
54000
104920
19560
45040
16800
32640
17820
78760
55200
112800
85520
103420
53780
65720
69600
117600
32120
51720
63040
96660
88880
4320
3360
13700
18500
18640
48540
95540
48100
49960
1080
15840
53200
25460
9040
82820
56000
68980
50640
27200
11740
2500
131560
50220
29860
101640
56380
48660
8820
50240
51500
11580
66880
13200
84440
20620
3340
6320
54940
29300
7060
40640
15780
49720
53720
37380
16560
89920
76000
50400
21860
40660
112000
35200
99180
23580
7460
85520
42640
7360
76580
8000
78720
39880
116260
55160
21600
96560
36140
29020
114840
68480
11200
90440
87780
44140
3780
17100
75860
34440
48560
13420
16140
17640
14260
77560
93340
8720
66240
6400
49860
80660
70800
45100
15600
37060
72280
57620
42300
91900
48580
11760
21500
97500
2160
20620
67040
4420
72800
80960
15020
109180
14580
46000
24860
73760
78400
61840
90880
8400
9160
61600
3960
1640
9740
72280
10660
32920
23760
38860
63600
5280
8980
22180
42400
29340
19300
74400
23720
8140
42180
42000
27160
33060
34400
67020
47860
60940
89160
14300
19360
30800
12540
680
77060
1100
74620
13340
102840
17900
92140
26820
58620
74800
17820
5760
2380
43460
68400
96300
25760
28000
7440
60320
24180
116300
89900
76700
21560
64420
114840
9740
36900
57100
10220
25460
118120
108540
16500
75100
4260
560
19060
29100
33600
23740
53540
35460
72140
9500
25180
320
87460
3060
116400
50400
28300
63340
61440
52360
41340
37860
760
33600
16120
35200
15040
58400
32920
54640
31380
41980
9160
98140
79700
31520
42040
51920
24360
23600
123380
540
40180
5760
72800
15460
98040
39500
62700
51380
13060
96940
4880
49420
40800
67740
24900
59040
58100
96480
13420
11020
33600
40640
24440
56000
16000
18800
48880
800
86840
20760
20000
54900
4140
6100
9680
3140
22080
88800
81240
16280
40720
65860
37160
64980
60140
98960
42020
19100
1460
48100
73560
3600
55840
34400
57520
12140
78140
112520
101820
79680
4580
99060
31980
81700
100140
67200
71340
56000
117780
26900
54820
89600
21200
105880
27840
25200
12960
9040
73480
122520
53960
42760
26480
51500
53380
83760
52940
41700
6360
47560
33600
122680
3100
12220
61600
20880
16240
85180
100140
18800
95580
67560
69700
34120
52560
11200
54040
10020
340
47100
40800
100300
70240
23760
35380
94440
100620
5600
84000
105760
69580
25160
11200
10180
48800
131640
30820
43840
9740
28800
11840
6920
37920
27620
66180
91440
31140
66400
70940
100620
11960
27340
88080
52640
53720
6940
39040
106560
22580
20400
16000
44480
41200
63460
106660
9340
24400
47100
56960
25920
29060
800
25180
33060
76780
50160
92900
12040
59200
99860
29780
33160
21500
92160
25220
30660
20760
5780
29020
12040
68220
15460
17340
8720
61600
56760
109620
51920
37100
45480
16040
69460
94440
86240
94940
62540
111660
5240
8440
34240
81200
17120
10100
69240
103180
15620
12520
56380
50100
37420
6880
47200
4080
12720
31900
59980
53220
41500
31980
74440
78100
78940
19020
31360
9100
114620
50960
24680
16480
14940
62920
99320
36940
13680
18800
45560
99900
4880
91740
27060
32080
79500
6120
19080
23120
114300
3300
20140
3320
45320
62560
31900
106140
10520
52680
29080
29860
114780
45040
118680
62400
112000
11720
18840
63080
30540
103840
113280
11200
19340
34700
1060
82680
18660
22900
80660
10660
2240
19860
34540
89860
40660
68000
48140
6800
22940
22940
36900
38100
94000
12940
121060
15200
5360
22400
33420
18500
8980
42980
52620
22400
13680
24680
360
20780
94900
25180
50100
109780
59860
1480
7740
57820
85180
84320
59560
21440
2480
36660
36400
94480
3560
3520
17100
65900
6360
13300
16960
122180
7380
52560
78620
42420
25200
58500
66640
18660
110140
37380
68720
71360
23360
65920
68520
29360
7600
43020
92000
43320
60120
59120
73740
47340
63740
62120
27840
22400
87060
48240
23720
26140
44240
65740
3840
10240
102000
25440
32300
88960
8640
18840
62160
13740
2780
44040
63900
69860
77860
38000
68220
8140
13700
107080
8660
43060
14340
120160
10140
121680
64700
54980
660
45340
57020
48800
57060
23460
10880
44040
23680
48440
100620
540
1620
44800
17640
36660
51880
17360
39560
19360
46260
7120
66100
1600
65420
56800
90920
126400
28640
34900
30380
59220
107920
41160
44800
66960
43860
115460
11200
9880
86620
11200
13960
51920
37120
59340
76780
75780
56340
63880
57080
44800
68720
57020
102760
59320
13360
54940
39520
11200
84160
2280
17900
79040
21460
59040
74080
45860
61420
36440
10480
70760
111700
99820
89940
68380
47600
122820
12660
90940
42040
23420
13440
61780
29280
11200
84300
4240
4840
35840
60540
69240
220
92380
44480
17560
1520
18800
16280
35380
26980
14040
18660
56800
88620
29820
20160
17900
50900
118040
13740
38520
46260
54720
12400
27780
86560
24100
60080
63840
1600
1760
78240
108940
121560
21500
18260
42260
62620
16040
66220
17860
55680
64360
52940
70580
99100
50720
17640
13740
29480
15520
42260
47360
2300
8420
61280
52780
10940
31520
19860
22940
98980
16480
36440
13200
60400
23360
33840
50620
112660
38760
122000
18500
41200
58760
36100
85620
35840
25700
102500
67720
61600
73340
120960
31980
28680
5900
71900
16360
44500
69020
43280
95580
680
93680
73640
61840
17980
8080
52140
77720
42140
16960
79080
60880
54040
61060
34360
38540
6620
80440
38680
29180
11960
11960
9680
3460
53160
31300
47600
44120
41580
42720
3100
33040
14420
35640
26980
89600
11460
100040
31740
12160
119680
15960
26920
28380
123200
76140
21340
45880
113280
69960
31900
65840
15960
114760
42000
80660
45320
8820
100800
126140
87140
11200
52000
18560
61920
42260
35340
24860
25200
7840
106740
49320
54980
37340
27100
29360
27360
39500
126000
12840
72800
85740
26800
107720
84380
67520
45700
65840
19460
26660
37920
5100
11200
6940
79600
67880
62780
67880
2540
800
16440
22100
51860
36440
99340
39880
18960
8360
20140
6940
16120
76400
44120
13460
72800
20000
83020
23080
39960
77080
17600
63460
68100
16800
7340
41480
43360
24140
86800
71620
60080
20160
35700
49080
17320
31060
37060
35600
15480
30380
12000
840
48400
67740
2780
53240
122440
30780
104940
53160
45320
35080
67200
66960
59840
9060
22560
104120
19600
12500
17100
68520
14140
7340
55160
40720
12980
72300
54520
46840
72620
55320
5920
56940
4300
54480
45040
49560
92700
46160
28660
69480
41340
25340
99860
58800
16420
540
38700
20940
24100
19600
37360
22660
112380
72260
48360
16360
87200
70240
18580
3520
100040
4620
84520
129240
62620
33980
44420
7340
104540
67020
85780
24900
30800
15600
33600
75620
27660
68720
75340
75340
26800
8660
5080
39200
47560
32840
58100
41660
51600
2160
39960
5080
45900
42500
27620
14580
18620
69480
28240
70040
31340
63640
61600
21380
43060
94100
7740
12280
50640
4620
20100
46500
38360
34660
11640
78700
17100
95200
86040
59860
7380
33240
51680
93240
21380
91980
40300
8360
12300
96400
6360
31600
6280
105300
101060
33780
23680
55640
79120
76700
32320
10020
61080
113360
58800
101880
30480
39720
42040
6120
36900
6580
21740
18100
17100
22840
61840
20400
43040
50080
25740
111780
8900
19200
15520
27480
33080
65420
77860
34260
118140
77740
4140
5080
48940
67500
32580
61060
2780
16560
29840
54800
63600
68400
114620
66260
118100
8420
94000
9160
84980
118400
20800
43060
800
35340
48360
37680
98320
71620
19040
85360
27780
3560
1700
16120
12820
43160
97960
26300
3040
58040
83640
48020
4800
72800
99100
5600
67960
45700
48360
41960
17900
52400
10240
128160
66660
33940
57620
103840
50580
38000
115860
47460
14640
66960
19900
28980
28340
24180
52360
17100
37900
46900
54640
109160
47940
36660
62900
85840
27060
102320
25460
72260
53620
64360
37060
24440
80480
16560
74240
106240
18840
45140
68940
72280
53180
52040
34260
1340
45480
50400
74500
5860
55480
21860
40000
31300
54540
7840
38140
73780
5900
10680
2800
64380
10120
60320
74800
21880
121680
53780
28720
24000
81540
76560
6360
73300
63980
119060
39200
50400
47600
15280
69500
77040
11960
93460
51380
27340
119360
58840
44260
25460
22100
98520
62920
63120
73560
112000
40900
45340
86000
30220
29100
49460
87040
14320
86760
35900
54000
94760
30480
7700
38520
107680
32580
82480
22960
66980
35120
10120
5080
63120
93740
39860
36260
63200
39720
57100
40040
100800
66180
32920
5600
15600
4080
34700
29300
69760
96300
26360
87380
33900
77120
49720
1020
61600
33900
33600
9160
36580
4400
27460
60800
118140
3860
54260
51740
54900
102560
15900
44800
124940
2560
73760
105740
54820
12720
57740
39200
90360
15780
84840
2300
38840
97020
10640
29300
93600
65880
10020
71780
107360
81780
6160
24160
29060
8940
92400
66440
23920
35060
16260
26000
105080
73060
61060
70940
1620
35340
21600
34360
33940
41500
122000
11920
13500
32400
90100
28960
33600
106780
35880
38960
27240
44800
17820
47840
81440
57020
36660
14500
31140
6660
40940
117040
35640
36660
53380
16140
106240
25960
4760
14000
104540
43740
91340
115820
8140
37060
7700
114820
21880
41420
87120
112560
13960
74160
26540
2620
30620
8400
8660
5420
11960
135080
76160
2840
93680
18440
74840
41020
8060
1620
13500
120080
60140
46880
6140
65340
29700
36820
70020
54140
24100
29520
63060
43780
41460
7440
113640
24700
57480
20400
42960
126040
33160
88320
70640
49640
3760
69500
36740
120960
18540
13300
47420
72140
50400
13040
83820
59340
9040
16120
57640
74400
31300
93200
11380
47860
15440
78400
3500
12500
110700
20020
62160
108800
24100
12280
78180
30620
29060
7700
10900
31900
14760
10760
47340
73300
29280
31760
16800
12000
6140
20640
20540
79880
22220
30620
43780
63860
3120
113360
51860
67520
5600
2040
89300
87600
6960
80440
98400
33920
21760
13960
66900
26380
49220
60080
26800
5160
52260
16640
30300
15860
7740
125960
40900
340
59500
30840
98500
82480
19360
15100
9560
78560
41660
8100
108780
52100
84000
47600
98760
104260
95720
12800
86300
1020
83700
48580
75340
8440
22020
83500
103100
85700
61600
74500
38940
9680
67420
38180
25780
34620
31560
112160
85520
112240
100420
119240
56000
24140
20100
21960
32160
83100
53740
8920
67720
55660
9040
3820
10860
98800
16800
67200
54180
59500
9580
38240
61600
110720
64160
8440
24040
13600
77560
40940
56000
62160
43340
40940
17640
112540
33600
81460
61300
18640
43460
35360
19180
63980
74320
33280
33600
58100
15160
21880
117600
97740
100800
65160
55200
22400
26400
65380
15780
54540
85860
5960
49500
17060
9680
86100
12380
55480
4240
73640
75420
20020
58800
17320
78760
34120
68720
122700
32760
41700
43440
113020
9840
94840
110820
103600
100040
8960
117160
60700
21880
980
2300
86000
45900
27460
16800
46500
49420
55840
4580
83700
3340
33080
6620
8540
7900
52660
1520
34620
88660
37340
54240
65720
49640
71280
49860
43060
11520
11020
40300
49420
32420
32620
92140
59380
19280
1100
69700
65580
5600
33040
30800
10860
71520
76940
27700
96660
18660
109160
53760
500
69460
7740
7380
35120
24040
86660
19300
24240
20140
106400
117760
35240
26540
119300
68960
25540
18120
48160
63880
17320
20660
19860
22080
37920
1320
82980
23240
79420
8820
11700
37880
57060
41340
89220
95640
111460
90400
58540
106400
30000
380
45700
65380
94860
90580
66260
10880
60800
95200
37740
34620
25460
72800
97960
10940
13460
16120
67960
17980
51060
17900
49120
12400
86940
110800
29320
67960
3740
40400
7560
33340
16960
5160
320
48660
34680
111320
62280
95200
33340
122020
41740
32300
38540
1020
9340
42520
60920
39760
85600
3740
24160
18120
62120
51080
102160
70960
47340
44420
47920
44040
1100
96400
13660
130840
6700
18540
2800
41020
33260
65600
35340
31820
18840
2400
73600
18660
111460
24260
31600
32580
91900
15500
3640
132760
55020
78920
100240
40720
6260
111440
6560
13240
55560
38100
17020
13500
50900
29280
2040
19100
64960
16240
55440
13500
2800
21300
111700
46260
68900
12900
91640
119460
87840
27480
26920
41300
25180
13240
16620
39200
8080
113600
11920
114620
40820
74440
45060
42000
25180
82980
76660
82680
15700
20540
46880
27480
70800
24800
45900
15460
19100
39520
61060
15780
58980
63200
100080
98840
30780
41240
69960
47620
10260
11200
66440
75260
37740
94640
31040
50640
76560
49720
88260
94440
48540
89900
98720
25020
1100
36380
54400
51600
40300
11960
63600
12940
11740
17780
11200
19460
25180
10100
60080
39740
9560
76240
44140
39540
73120
58000
85060
10400
45900
1600
128260
27240
34620
69680
17600
78740
6160
16960
27060
24660
18580
69240
66400
64080
28000
38980
45520
126640
77460
74440
12560
19340
91600
15820
53960
70760
69980
117340
96540
11720
51720
520
56520
136140
7300
31560
46900
15740
59960
91120
14040
37200
38180
5760
71520
10180
24180
3820
92400
520
39200
20360
13680
520
12660
67740
24180
50100
2040
57480
61100
1700
96900
10900
16580
57740
50700
67540
4640
55500
24540
15360
760
48100
51200
32420
115600
48660
66760
20760
100800
11200
94880
53160
13020
127520
112680
42180
48440
57180
96720
62400
2000
25200
77640
101100
15100
12680
22220
47060
87840
86800
91980
16800
33260
54980
115740
18540
64360
33340
35200
160
5380
60840
31360
73560
15060
74880
69860
2940
72800
84300
7760
28000
24940
11200
69960
3320
4080
31780
14040
89600
55760
113780
5060
76000
82800
16800
67880
28960
87040
117600
98320
39760
133900
63240
67960
18280
10400
17760
7380
65860
3300
32120
19200
45900
43060
37680
41820
12900
72140
26220
91600
37680
122540
16800
85280
9060
55480
13700
540
39960
4760
14400
37680
43820
44260
34440
71600
24140
3300
106640
49220
100000
114840
340
21380
25720
36800
13300
47100
49380
90500
89340
88300
30620
14340
67200
54900
93340
1100
3740
54160
73180
49880
18140
5600
35060
71500
6360
48400
22920
77900
70260
97440
26720
109200
28160
76660
51580
2240
50400
70400
51380
83560
19640
23680
49880
58820
20540
59120
107380
47620
58400
72800
109240
57180
37740
8920
25240
47840
70940
99100
56000
15280
71480
76560
10180
74540
23920
109020
75860
13700
33600
37340
45100
61040
23460
76780
38860
47560
60500
45020
112760
21320
28440
71860
30620
640
20640
90940
44500
52100
40160
16440
25860
22920
5260
41660
32540
59780
31320
27240
50100
3520
113780
15060
25460
118540
25740
16800
4540
43900
58300
46960
76180
13820
3960
41340
36740
16980
36900
20000
26540
29340
49720
64160
5600
45760
17600
10000
69460
96480
13500
23300
10400
138540
53960
52940
760
19920
19840
100960
22240
15060
101340
4280
19100
9160
77060
940
80160
31440
68520
66700
118960
66660
1600
17320
113820
85340
104140
3560
69700
82800
62140
86500
95740
15100
51160
50160
32540
17820
36740
76580
55060
6140
5820
89600
59560
66100
82520
75560
7700
25380
114460
74540
43320
6160
99620
52480
16800
75860
30540
69860
29460
2800
760
53240
58760
40260
2040
1620
112000
8920
86760
8940
47060
119980
14660
92160
91300
92080
50220
14000
1200
20000
66760
19860
93720
40220
83160
37420
440
70980
90040
1740
108220
33600
23500
81960
40540
23080
65160
78700
29100
78240
99520
52160
86760
11860
69060
44500
43500
50700
51380
54480
45980
22400
16800
54720
12960
48240
77680
76640
65460
75100
5600
63600
44800
105120
74100
74080
32760
37740
25740
26900
59860
56520
1600
14000
15340
88760
4500
67540
12220
99900
54400
12300
19100
17160
2540
48940
22400
2620
33340
20100
4400
52780
73600
33060
91840
67960
44120
114780
41700
49300
41960
17100
44360
29600
4640
78180
20660
57080
53960
87060
4080
11200
53840
3840
2040
39700
15520
32920
12300
115820
8920
77640
30540
41700
81600
80500
110660
30760
43860
80880
70720
340
63420
61060
9680
58100
45300
69960
23720
87780
54520
18120
5300
44360
36260
65060
32400
13040
67360
102940
77200
47840
9460
53960
40940
49720
69960
72500
117240
40680
6680
79500
21600
27480
5240
21120
88620
3960
28000
30760
24100
15860
35840
60080
91880
12900
32760
43780
12640
54540
30760
114460
74940
18160
28340
55320
31440
81240
50700
109380
25220
13740
6120
52440
37920
64060
23200
23920
33600
7980
81620
20360
25780
22560
43340
107740
22100
115380
31900
91120
59900
79460
43720
19740
91120
24940
58840
12720
16640
42180
17760
13240
1820
27760
75560
45340
11720
39440
57640
62960
47300
30760
105120
69460
79380
7300
23740
18760
64740
53860
44260
69060
19600
73560
94300
46000
36920
33060
23380
14560
36660
23160
51740
18660
2280
15840
4920
115600
3060
119340
76240
67640
69040
16500
23240
28900
130260
16000
77600
11040
19100
14520
8640
2540
5600
39200
11200
39200
104700
59320
109740
91380
43780
49880
106920
120900
122680
88420
56680
82940
96000
84180
75340
105420
120660
67700
16280
19300
32800
29460
111640
76540
43780
7640
102840
42940
127900
64740
16260
83160
27200
86080
77600
36140
18960
11460
121740
49560
1360
64380
50780
30760
17360
35060
46500
640
23460
15060
99360
10100
7120
92380
8700
48100
6360
57280
22560
109620
59560
132180
81780
62320
46960
80680
29200
18940
38440
96100
70840
34880
36660
35600
26700
101740
36800
54160
51720
71180
75420
5280
43340
14540
33900
43160
59980
68500
22660
42000
76940
840
94100
38760
44620
34560
34260
115380
30800
6100
22620
9720
42320
109700
59900
19560
3600
3060
26980
44560
64440
32580
30040
54400
31140
13500
71860
12000
38440
41660
104800
2800
53700
39540
5220
57460
6240
77960
58760
35080
113520
125500
45520
12940
18760
32420
75780
10480
60400
91060
58040
76760
14000
25460
1760
26360
5600
84560
44040
28000
5440
123360
47600
114040
45040
17900
1360
31120
49220
16280
44500
12160
55320
2100
30000
4580
37200
22940
42980
60700
89300
36900
24400
4420
9380
1200
7220
40560
47280
32080
12520
110900
95420
54140
30220
71100
62280
6880
82720
25540
48120
115340
56000
19360
34880
18160
35900
26800
28220
33300
2800
59040
95360
62620
11700
78100
16800
22080
74940
24540
8900
17900
127100
3360
7840
122140
17360
36400
3440
123740
40720
97280
126540
40540
37740
89360
68000
39200
39720
107120
53520
61600
6620
60580
25500
45020
63300
59040
40940
85460
77840
41480
18800
24700
9440
87120
92720
63300
16140
88400
48300
180
37560
72120
42000
126180
49900
29740
8920
61060
11720
89600
50940
52440
55460
32760
5600
2380
4840
31980
102940
39500
16300
21320
51420
49640
66300
32080
7300
75900
72240
2800
63640
9900
14700
17240
45360
36400
78180
74660
7300
121380
123960
45300
27200
1480
37500
63880
68480
14260
108860
57760
64720
10680
37720
24240
1480
76700
23880
76560
47860
22220
114400
30800
15280
54800
82920
36720
53160
55660
35640
93600
73480
123720
113280
54540
15340
52140
14720
50100
57860
91460
39200
100580
23740
49960
124940
100280
71700
41740
24540
36360
88240
52220
23200
1740
39460
24440
1520
57840
4800
44160
32800
7880
65760
62540
57640
760
16800
93420
10540
106400
23740
73060
6540
86220
3200
31100
51920
65880
44460
41700
62680
12820
26660
110520
44800
37560
94860
121500
108900
90400
71180
106900
59380
14940
112800
29280
15200
22920
24780
6780
24660
60660
75560
19940
26140
107920
7460
60800
16960
42500
52800
5360
4000
89600
91420
2820
50100
33060
78920
46800
69660
91600
1080
58300
61380
102000
53740
71700
67920
12940
4500
15180
6800
30100
25180
32400
380
70020
1180
45120
50100
4580
12900
93040
13740
10300
8380
3120
85060
20940
15520
8920
42840
31300
70140
90320
115100
26260
3360
90280
52020
52360
56340
15100
13460
103420
12000
9600
21440
4400
87980
25380
52640
39200
18440
73320
88840
21200
41740
940
14140
11720
125740
89600
26360
80100
58280
37360
26000
84260
5900
33900
45560
14520
62120
43340
6880
2240
15900
30540
16580
89820
83200
1740
58540
104360
1780
39200
30560
12260
6440
51300
111160
113520
82000
7600
20660
15340
52800
51500
49440
109760
107160
82800
27240
60640
86040
240
36420
93460
74500
99200
83320
61160
28940
111020
58220
42340
18160
51720
12480
56340
58220
14720
71700
6140
35420
82000
22400
23860
11960
1100
6500
82900
41060
12260
59040
22220
18000
48540
126000
108700
120080
43780
33920
36360
54240
25760
2540
36660
92140
9500
640
12220
10960
360
68820
28800
2560
32080
27700
84340
62940
38000
48640
115040
83480
39560
55700
111200
27440
97480
94100
24860
19200
5600
31220
22080
4320
86220
34540
59040
100800
63360
41240
80560
31960
64940
64800
76620
10020
81460
45480
59860
24940
41500
94020
56800
56300
64140
56560
20800
96000
18160
111020
49080
56000
108140
122980
65460
14000
1760
32080
3360
1060
16640
84520
121740
61920
29100
28380
60400
56840
11740
2540
72280
11200
118620
47020
66560
27200
12500
44080
66520
18540
28800
13300
14580
57360
94240
6160
22040
44120
26700
4540
83240
76700
57280
67500
44580
11520
33060
24240
13500
50760
27460
30080
47280
36000
340
75560
50400
73360
62700
15320
1760
71160
18160
73340
106920
12220
44800
87560
65840
43840
98700
1060
93160
42560
7700
6700
32800
67200
78060
1780
122680
2800
78400
1480
54900
65500
57020
92260
93840
4700
18160
6140
16800
35860
19600
30040
31600
118400
24100
36540
14520
77080
28720
68140
101640
20560
3140
46280
25240
5600
45320
26000
23920
53160
61760
102840
18800
9880
60760
69820
70180
60080
49460
58280
91900
14760
5600
90920
22720
31960
36380
25720
49300
5920
98500
7900
25760
16500
3060
86100
76880
38980
107920
32120
62100
70720
23600
9360
31120
14240
65460
109200
22100
93200
28000
80400
110160
98640
3300
41420
10120
83660
58080
44440
18620
2760
103620
52440
49880
89280
8080
90320
92400
100120
89600
7820
34880
3440
64580
105100
137020
17640
104640
40940
58080
48940
31520
43840
1520
1520
340
15520
15860
26480
63460
71340
80040
96480
56340
28980
38260
9920
23080
61080
18100
39880
3460
86800
5600
64140
43520
22640
66400
16800
26540
72480
74280
66100
17740
22840
66940
66700
17340
108500
67200
5040
113100
109440
50100
58760
11200
82400
5900
27020
23080
74620
52880
28000
63860
74540
73640
50240
16960
2040
520
26980
22240
36220
26980
88940
77880
53840
12720
45300
24260
18100
69340
9240
87600
7120
6580
13860
8640
12500
8100
118960
7300
79600
67540
61600
102500
58780
98700
30540
45100
69240
56540
88500
8440
56640
43280
10820
29460
47600
77340
26720
4920
6040
48240
9100
39860
21720
89900
4120
16460
46000
720
46320
42640
46320
83620
80780
86940
41500
5760
75560
3060
15600
48000
19260
15180
21440
28960
20640
10680
31200
77880
80940
35700
88540
20300
14020
8400
73440
112540
500
46240
65900
38680
95200
51680
2620
82700
26360
10860
61340
56760
75180
61220
47100
26980
33860
47580
1100
18880
24180
115520
50700
53920
38360
80480
45780
88500
76880
54160
87440
54920
34960
24100
11720
12040
76360
79880
14500
31760
67960
33240
14000
71340
8580
33220
15520
9160
17040
56900
89060
27240
80680
103180
130280
62280
10900
24260
14040
25220
58540
20360
3600
105900
59340
59100
48400
69860
2820
102880
64440
21640
103180
10400
33960
19620
2760
78740
9440
73820
100960
77320
57300
45140
34040
35980
72800
82540
65880
22100
48660
112540
15620
78400
49720
86800
38440
1620
106080
31560
18320
47860
40800
60960
22400
960
7220
18660
43280
111100
69980
32880
46260
6240
21880
1740
3740
51600
43020
34580
24180
100540
12940
60660
17060
14020
14320
109740
50920
108660
66100
1780
32240
28540
110540
65720
83460
55020
44260
30620
107920
12660
3860
75780
34260
42840
47580
30000
108940
43740
123500
16120
29200
109460
116140
87520
1620
2800
22060
91880
34360
82480
86660
32800
43780
52500
47580
23080
17880
72800
81840
26180
24100
41500
66660
1820
22100
107500
34320
90360
103860
58000
44420
59500
10240
87900
77440
52440
30840
76300
66540
62880
23720
5060
73600
37560
5160
44080
39720
77720
51840
120060
31120
93040
12480
33840
12940
75340
78100
56660
32000
20000
53460
57460
14000
63200
29700
66860
108400
106700
41820
71480
30260
58080
62160
73600
88760
50920
37500
17440
57320
87560
26700
2500
67200
2820
21720
18960
14040
39200
2840
16800
3320
71700
28560
3500
49080
38140
71060
68660
10260
34500
77860
27660
78920
32620
76560
70260
11360
33840
91200
28680
54920
47040
31600
39200
37460
35460
46280
68480
72120
88620
46500
87320
11720
91420
87560
18280
66360
23460
43600
69300
108440
65680
24260
22400
23420
20940
43600
97060
132560
62960
44420
25340
75920
52440
82980
95200
89780
31320
18260
44260
50100
340
109200
63600
9840
53240
52180
5600
50220
52940
49880
20400
30000
10540
39040
91640
30100
89600
18500
81620
28520
18580
2500
760
31740
90620
114080
89600
55280
110300
5260
53520
58540
23920
91120
27700
10100
112340
41240
37680
66240
14720
108360
760
53200
9880
72560
45320
64660
26540
20160
128480
26140
19780
26140
79760
65920
7380
70720
52660
33600
64900
39580
116920
52440
33600
28000
13340
72000
122680
124220
69360
21300
9580
81160
49200
53160
3780
28000
97420
16800
13680
77840
49300
6280
38880
132180
96980
3220
78040
58480
73460
51920
7680
8140
20880
30000
6400
4840
58300
46120
1020
38480
44280
37740
25220
85860
19940
2100
87900
68940
116080
28840
38180
54920
11380
82980
51200
61440
33600
8100
67420
55840
8380
9860
77860
12940
23360
24140
90660
1020
24140
24940
8900
28300
6040
106100
52220
59440
78700
31840
84680
39880
69960
52680
66140
17480
53520
84560
28680
50160
25520
19860
114800
116880
14640
64920
27440
62580
83500
14560
41340
37460
2480
66840
1760
6440
39540
2820
2800
18160
8700
7760
36980
117980
23120
3200
35200
4620
82000
92080
84800
3120
55280
60880
23200
51420
65500
66140
72420
28000
14980
16560
2240
35880
9340
42840
4960
18840
105860
45360
27620
4320
10220
66400
62140
3040
70420
55640
61340
82040
80400
23700
66820
3900
54360
20560
4280
39200
8360
27480
52800
97020
38240
77440
93200
18500
82360
68660
47740
110700
3120
5600
78840
19180
116960
103640
62960
93060
81060
82480
180
1280
26160
1780
3060
98260
50720
11500
92100
54920
23240
76760
36580
39960
95920
34360
15280
51760
78100
122820
58280
47740
9920
109500
27240
5060
32320
720
33440
7080
24100
54140
63300
59600
57360
29840
86800
49040
53200
63120
75040
21560
112840
25700
59360
12720
5820
86040
45820
96660
24240
23500
6780
48120
61840
22400
55840
21080
37920
28720
34260
72480
49380
71960
33600
19360
14260
13340
29600
31980
29320
19040
35980
3960
99500
17100
32880
10480
58400
24700
22740
77380
49420
52260
104660
107760
63220
38540
38000
54300
69740
99700
87120
19640
12280
19560
9740
40140
15500
104920
26480
31340
37040
22100
79200
22700
74840
88880
43780
30380
12800
86400
34560
3120
71100
38520
31960
11720
6560
120360
98420
55100
35200
3100
3860
36540
42800
53160
76360
60240
50020
23460
7120
31560
4660
127280
1440
8140
56980
2400
73240
14840
20240
23880
72500
16620
44240
118400
43740
21340
109520
96380
26520
40160
33600
28160
32660
3500
82300
6040
11200
42540
7360
70000
49420
135580
33080
98940
13600
22700
48360
62700
50220
10880
61040
78400
87560
33160
9920
93120
46420
38360
69480
58760
20360
8400
17340
5340
960
34120
75560
3060
82920
64740
2840
129600
31860
30500
12680
15280
25160
9720
16300
24960
86840
10020
76640
57700
2980
78400
1320
55620
7080
74540
92980
38520
34800
7380
76700
64720
56000
22740
17740
38760
89160
16800
52000
63460
46080
120400
69960
89840
83620
4620
5600
14260
34260
59320
78940
101240
5260
62680
94400
69820
105560
21060
19640
94940
16800
48880
19280
4500
30380
45100
16000
23680
92440
94660
131420
4920
4920
10660
18260
13980
134400
800
50840
94900
6620
21460
76880
33860
10860
6540
15100
120660
17860
45020
115140
132760
34400
21900
22920
29020
5160
4800
118360
41700
59040
26140
48760
26720
122640
87120
640
13360
15100
56540
1600
73520
14960
33100
54380
24500
2400
87360
35080
2780
10020
21080
45780
21640
100500
3740
9860
48120
58800
16460
20140
75340
45360
11740
3360
8700
57200
124260
6120
2040
10480
50060
72460
42240
28680
2500
67200
40940
37860
67580
104100
29340
124940
105500
17020
5600
77720
19920
61600
4400
20880
12940
83740
81460
51360
98760
32260
12400
88280
9100
19200
54260
80000
36400
26240
120000
17560
26300
9340
2540
3200
104560
53720
2480
71280
8660
70040
2620
10440
2560
91700
41020
24400
14260
108100
33920
69580
8140
46840
37160
57060
62900
69240
70240
33960
39960
64660
88660
90240
39200
48940
108440
35860
43860
25620
1740
30780
3860
25740
98940
103900
3840
42760
129460
51380
37560
91340
15480
48760
76120
94900
36540
3060
69200
47300
42000
66100
95700
101740
22740
1200
82140
90320
34280
25460
15900
24780
59600
91440
27160
4080
9560
19860
100580
56760
58220
19360
49840
46580
50740
103860
105380
24620
18000
89440
65680
80940
30380
119300
80960
75580
15500
64740
51600
4660
29460
16240
64000
41480
38440
3740
109460
45760
40220
34160
10880
44000
29100
49500
66140
38680
8360
4080
34680
90040
47600
127780
42800
5240
11740
67200
56340
8740
50640
63360
1360
65340
37740
118700
23860
46760
47340
61900
25160
42760
125040
9100
97860
76800
57700
14040
42760
7060
42300
380
46500
22940
61100
15320
28000
37560
119460
68140
14260
39440
39500
89600
69860
4880
109920
48180
102260
76360
19560
37460
81160
34360
96300
61160
46940
105380
119740
1780
17340
124720
23060
75100
25740
84220
104020
7740
4080
53440
55780
21860
5900
5260
13460
66900
134180
40640
9580
81540
37460
54300
2300
81160
6360
9920
60920
42580
110000
72800
74540
95460
13760
98760
46080
40000
112940
25600
97200
21900
104260
13480
110260
82300
49040
91860
93160
1740
121680
27620
99100
9500
64720
100540
66300
21500
4840
39420
5360
9420
60500
33260
24560
3560
81200
93500
51860
16580
18500
30840
58000
17040
4080
105600
11960
48360
36000
38940
16480
12800
35680
25020
52940
64260
29620
102500
6320
10960
8140
1620
36060
44960
71060
20880
62880
39360
48020
2380
8360
108940
12400
68900
49300
1860
104440
66520
11200
21560
100640
65720
74000
91640
96160
108540
26360
25960
130080
78640
99740
43740
55500
1360
10520
79840
44800
95200
109240
3900
37200
12480
24140
17820
21040
55200
63120
92360
90240
97240
69500
60400
119640
26820
49120
42720
1320
5100
22100
22400
70260
37500
73320
1860
85480
113700
50040
55840
6120
17160
37840
24000
22920
7760
69060
76440
13760
50160
16120
41280
78060
35600
58540
36000
76620
38940
48920
3980
79880
110800
55320
17180
36540
132700
52680
12720
118560
62700
20880
73180
76240
46800
17140
16260
56000
20940
86540
30260
63080
73480
32500
42580
102620
13060
36640
41240
15740
31560
10880
36820
5280
40720
1700
81460
25200
95960
76700
66100
35040
87560
47740
43960
4140
55200
9860
89820
94940
102100
5380
92000
28000
42500
1700
108620
46080
3900
3380
22900
56160
19740
25160
104320
53440
3060
56640
29520
106400
19560
48620
95720
26000
26240
21740
9040
110680
75020
15280
109740
37200
1700
62880
9880
14660
98340
98940
82360
16640
67420
39200
65160
10640
9860
107760
105420
33940
58040
1100
90800
520
21960
26920
129040
80660
23040
28260
77060
16800
101100
82480
44480
15100
103200
36720
54300
60660
3960
29280
88420
47600
64640
27160
72280
17640
25460
28440
53500
20260
41060
14020
34920
42560
44800
10100
94360
14040
70940
15280
2980
2540
111620
61060
66000
8640
40000
9200
29020
8440
32660
39200
35120
45640
5600
37880
9920
62620
64400
87360
55100
102160
39380
122840
118920
70540
64140
47600
38880
73560
28760
21200
50020
58800
2280
59100
14580
23600
25220
26520
81340
112520
84940
17480
15520
65680
320
44260
14140
840
13300
23380
58380
130660
58040
75640
66900
30080
84440
83680
45900
25200
11500
1200
109760
61160
40100
23380
4960
720
15100
38960
11200
60540
16500
45860
8220
16000
53380
75780
42260
6260
20140
44560
41460
5820
49880
44480
29320
64000
58000
33060
13420
103600
22720
57200
63460
89060
55480
115860
9420
27040
120740
38400
3500
12160
80260
121420
42240
61040
95380
13700
96660
54140
82140
1300
35460
3900
90620
52940
18500
120440
12300
74960
12720
5100
13960
24440
54980
37680
28540
30540
48540
119440
32800
41740
27040
16040
94560
21880
5600
39040
41820
17560
16000
61160
102140
7120
103900
101900
520
19340
2760
113820
98760
54260
75740
57640
52780
24400
84000
14800
29200
78160
36700
25540
20140
76780
800
73520
89340
61920
1640
91200
15280
48700
4120
82540
300
44120
41660
42260
46320
9680
24100
5600
53760
40100
46620
6780
66700
23120
11380
103740
16420
30380
56720
64440
35220
88000
56320
9340
9460
110360
21900
72620
12940
128800
28000
64800
86560
105960
90700
90140
32620
22920
36380
39520
110000
26140
48880
108260
72000
66540
94880
18260
78920
1780
73120
45320
59440
17520
1780
53520
91900
21040
27480
3500
4000
101820
29520
16580
18660
31360
99100
64400
49420
56660
27040
77640
37680
89440
20300
27200
29280
8660
34800
17900
57700
41500
123500
18320
37860
12840
35340
93760
94180
11200
102900
2460
33600
28980
82980
15060
51420
14800
41200
89960
2380
6780
72540
60400
31360
3320
35340
25340
14040
94960
3780
28980
114760
51500
20000
56800
35980
102960
31560
114460
85740
12480
5600
34280
35560
72800
59300
17740
6040
70800
300
36700
84180
78960
104760
20880
51420
126940
5100
6120
59520
32240
8140
88840
82180
4660
31100
12500
97020
14420
32700
180
39720
36420
72000
83240
75200
16420
24940
8160
2500
33300
24700
41240
19100
72260
2040
8740
92080
100000
44800
112000
99740
95580
48540
23720
56440
9200
2980
64100
19080
104580
84260
18440
58080
9900
15060
82300
59860
28000
38860
89600
80180
116700
61160
23580
15060
112380
97700
102100
33300
30780
81840
52100
122020
84000
39720
73520
46140
27060
81200
16280
48240
16960
93040
18160
8140
6100
90160
96040
63040
36400
66440
76580
6280
91440
18760
89780
18800
36720
300
79500
90280
8440
83020
46580
67720
73820
28560
13060
2560
69820
46260
76540
104920
32520
8140
22400
40400
22100
48400
60500
119240
44800
48000
9100
81700
11860
109460
5600
36640
69360
29700
4080
20800
24560
95960
35120
35820
10240
77380
77220
110720
109520
68960
112960
85700
54540
15520
28260
660
111680
88620
160
45440
23060
21120
71280
37580
16460
32620
25460
113100
81180
30940
3740
90280
50140
39040
78020
59600
103840
24180
28320
34140
17520
26640
39760
20560
131860
97660
10940
26540
13040
20620
11700
100000
50560
1600
8360
73440
27480
18320
55660
89760
100140
14320
43860
69980
100500
108620
13740
20400
29960
92900
54800
42180
65440
53500
50220
58800
17320
78220
30140
101880
100800
29340
38100
107420
20320
9160
25240
113060
108240
17120
9500
47600
112000
20020
14400
62240
49380
6140
98960
66880
29200
17560
22920
79580
61980
88580
4120
58760
52500
30000
68900
26800
52800
38100
71340
105040
59840
46260
47600
82980
71340
19900
50080
11200
111700
69240
3600
63880
37500
110980
82000
40040
61360
32800
6320
58800
2620
21100
8540
66140
54980
56000
105100
1460
5600
21960
24240
70760
34360
88300
37160
28240
67500
16140
68560
79500
46660
65040
52260
4240
7380
35340
14000
8720
75860
31120
76320
41200
59100
12680
7340
94260
46260
24100
87560
36080
10680
126980
40000
20660
82520
88700
53740
45340
49220
91200
9500
19420
29100
25440
32160
7420
66140
88940
17560
8140
500
110400
51460
46100
77340
5360
2620
520
104300
20100
69700
23240
6960
54800
2000
66440
31840
2540
129100
11740
7640
8580
26300
5760
10840
55560
89040
35220
71960
27440
94820
43840
103100
60260
8820
22100
10180
73740
53700
33060
59820
117600
72800
29080
21500
71600
98000
940
1100
44460
136240
89600
52700
39960
36740
28340
86940
48640
6680
60080
17600
25540
100640
53740
121040
24500
32300
58780
28000
58460
108560
104320
100560
4120
64260
18800
59060
85060
13440
85180
1820
32660
63640
42640
32920
50400
60300
40940
105300
57520
11200
40660
42040
21080
3220
94820
1520
93740
39440
6780
48640
15180
40800
16280
73820
103860
67200
76920
3640
87440
69600
54660
38640
12180
24260
40400
78160
49880
66020
26140
100800
8100
19780
11880
30040
36440
54520
61600
50080
104940
75600
24700
79880
42000
76360
44480
38360
41740
3220
27280
117380
7200
52900
23500
84940
86460
11520
37160
27100
15700
21380
21420
131560
94680
21640
800
13740
12400
540
10900
36740
64360
42420
43900
23480
75340
10900
62360
55680
52440
4140
17480
1740
56180
107300
105340
39200
40280
61600
48880
63700
66860
62920
12980
64800
76440
31820
25240
43340
72000
12900
107080
1780
31640
60080
28340
92160
6540
6940
9160
36400
63460
4400
16800
12660
1020
7980
22220
33280
80880
110140
97960
31040
33380
2980
101520
106720
17440
12480
19100
64640
123200
20180
11760
12000
32620
27820
2040
61340
51420
2500
31600
19640
14580
13680
29740
73060
31220
47620
35640
13420
360
62880
8140
67580
72260
33840
92360
136700
1860
41440
48400
49880
8660
84540
105880
118240
10640
23040
6140
5600
33600
55160
84540
15520
48260
38100
116280
46400
91560
114760
83280
37160
14000
86760
47860
72260
72980
13360
14020
50400
32120
7700
68140
29320
58380
19200
9200
27240
24140
47340
36400
20560
14320
1300
7420
104940
14320
4960
23080
18120
8160
50060
10400
76780
15340
51200
74760
103860
49040
54720
5220
7360
44800
61840
100980
13960
114940
23340
3560
116580
94100
35120
7420
61920
18500
64580
13820
19100
23480
67200
82300
133060
60540
108700
44460
37600
49120
67960
42400
62620
4000
46840
36700
18620
139820
24780
77500
16960
25240
35900
81520
4920
54480
12500
4920
2300
20620
30980
29700
31200
53160
51080
66440
19620
134580
35840
36060
39540
75360
93160
21720
11960
32520
134060
69740
89820
22940
15780
10140
23240
3340
108440
24680
18540
78920
89160
63560
65200
37200
8400
66680
2040
58040
62140
77860
13440
70640
10440
26720
93560
48940
62780
98940
67520
15440
6580
63820
40260
78580
107240
72620
41240
108940
4000
5600
23860
35460
114260
69980
50620
56520
50160
18840
23080
6280
40500
89600
94120
104800
11580
11540
14500
60120
31640
45760
126800
5600
7680
21460
59100
30240
5380
39920
62660
15820
29060
13860
95860
74540
38680
22400
78400
47080
65600
14960
80440
19020
45040
94440
72800
87200
100080
20700
1080
118700
88760
28800
7980
64580
104800
14020
52940
35640
8660
60880
23580
15700
78400
87860
49880
34120
8740
56720
14560
128280
39460
20700
49060
15480
57700
32800
760
13860
2800
122440
114840
61600
34120
1760
31120
75900
42260
71620
47200
87600
26000
58460
71340
62240
2980
27240
45700
13160
87100
54800
22920
9160
23860
68380
48660
63840
12900
56540
2540
82000
111200
69300
82980
44800
52680
34800
48620
4080
92800
72120
3040
86380
40940
47640
83820
19040
64660
46880
104940
89380
340
56640
100500
20000
30280
10900
12300
49880
1760
19940
42560
61920
64720
86840
86800
84760
87300
14720
760
8160
32420
63060
112180
87840
71180
41060
70760
33080
7680
8540
3560
84000
103200
24180
380
9460
10440
19600
70140
54720
1200
109340
24680
35760
60920
12960
66180
112000
121460
9200
41700
33940
110400
86540
9920
56320
48260
95960
33040
56800
5260
58840
89600
30940
41420
90700
33600
59100
3300
28160
62960
32700
34040
32800
13060
120420
43600
24700
16080
12300
98040
17460
38480
127100
9740
46160
6920
27480
45700
23500
25920
19560
4580
23760
36960
69340
73600
69300
6620
11200
13240
56340
72800
63460
88500
52480
101320
119340
6100
80700
84500
47340
23080
126300
36140
20000
55760
38360
1020
27240
4760
9380
48160
20360
77500
33860
71600
99520
91240
9900
35900
4660
92900
8360
46260
60580
117100
36420
65840
72040
66680
87300
106840
32920
98180
2040
44280
85520
19860
47060
24660
94900
3900
68380
108400
65720
61600
67540
10440
116580
18580
6040
11700
26980
24940
8140
5080
47080
75100
91980
14540
32760
1640
44960
137200
7120
53900
13440
18280
45060
3380
2000
4300
9200
28000
54720
18420
111360
9340
24780
23460
90100
22400
112380
105420
1280
54680
4120
27740
23240
23160
20260
71180
73360
117100
70400
75920
15780
59600
47080
16800
67200
51680
102840
19100
71200
83760
2800
103600
75260
15280
68660
64400
91340
29360
63380
89340
52700
119680
28320
26160
75460
61980
1100
29320
52560
84540
31200
12500
94660
12960
20620
12260
12140
60700
96720
47280
38180
85600
35600
35440
31820
73100
60420
97360
100260
129880
93500
106780
11200
26820
13440
73900
132180
24880
108440
89600
