20 30
20 69 69 12 83 74 4 9 17 48 28 81 26 18 28 62 93 30 64 4 51 29 88 10 73 72 65 34 23 98 
62 88 80 48 26 36 67 55 31 70 92 36 58 83 43 86 29 81 63 43 1 99 42 43 48 30 44 45 25 46 
99 47 79 21 25 37 36 28 76 17 35 15 57 5 63 67 94 41 88 62 74 58 62 35 82 27 53 85 79 31 
29 85 64 31 43 11 61 9 54 13 5 97 50 35 63 51 66 78 12 48 93 56 99 9 80 14 79 85 86 28 
17 6 91 26 81 99 76 46 94 56 54 46 75 31 78 3 32 93 41 55 85 39 65 91 18 78 100 43 96 21 
62 14 99 30 40 73 96 71 31 95 76 90 91 7 61 26 82 34 96 68 7 34 60 86 22 71 50 7 84 79 
25 42 99 52 80 19 21 90 53 67 93 1 64 75 65 41 100 60 93 88 96 100 100 79 38 61 18 49 92 18 
9 84 11 30 8 89 49 4 28 74 49 46 48 57 89 30 64 19 83 11 9 69 76 1 72 79 14 7 68 88 
43 24 4 9 26 31 37 53 41 75 39 44 8 70 78 61 24 92 88 41 91 96 93 98 55 99 91 21 73 5 
55 60 80 88 76 67 29 62 98 16 29 38 77 52 41 69 66 95 49 86 53 68 100 35 5 66 62 46 6 54 
54 3 29 18 87 96 16 100 73 79 99 31 61 18 49 74 52 44 60 83 83 89 60 23 5 84 5 82 96 77 
83 85 58 21 69 25 87 82 98 78 33 5 52 57 24 62 13 19 3 35 7 27 55 32 87 90 94 34 53 28 
34 17 35 50 41 83 23 57 44 7 77 69 10 69 33 70 47 4 76 87 44 45 85 73 64 98 67 82 13 82 
41 2 24 6 26 49 82 45 3 99 31 47 25 28 60 100 14 55 65 62 22 72 51 88 41 16 87 90 45 38 
95 60 58 12 89 8 69 43 86 70 53 82 92 30 62 79 98 32 71 7 91 78 91 68 57 42 19 57 40 33 
15 94 3 36 62 40 93 6 90 51 48 23 49 82 14 7 92 70 61 34 41 2 72 74 99 90 17 92 59 79 
78 35 55 78 51 82 38 20 74 2 35 89 85 72 67 87 58 16 63 46 44 13 62 25 1 30 50 55 48 90 
6 74 65 28 23 19 47 38 11 60 41 50 26 38 8 89 83 30 23 43 79 77 67 47 71 75 77 12 60 69 
86 91 98 15 74 91 97 32 24 83 31 10 49 59 9 1 50 13 1 86 18 33 88 66 76 46 5 92 38 70 
61 70 94 57 76 48 17 62 64 2 70 30 52 72 55 25 39 78 34 58 29 12 59 14 22 6 69 27 31 65 
