50 50
10 47 25 29 9 31 6 27 12 3 34 35 23 32 13 3 30 13 3 30 26 8 18 13 43 4 4 48 38 8 1 32 15 8 41 46 14 23 12 44 1 36 19 26 7 38 27 48 10 7 
32 45 11 9 36 43 5 8 28 4 31 28 32 13 31 33 19 16 22 45 8 26 42 38 36 20 50 34 47 18 34 16 13 4 16 11 28 5 29 9 42 42 31 28 33 15 36 2 45 20 
50 16 20 41 27 4 45 50 5 23 21 31 36 6 8 29 39 21 15 16 48 7 34 20 23 40 26 24 2 20 7 16 13 6 19 4 26 49 14 40 23 13 23 23 44 38 15 23 43 8 
29 6 22 39 44 37 36 29 33 26 32 12 12 18 16 12 4 27 7 2 24 20 12 17 44 44 50 7 21 20 31 50 12 38 23 35 49 13 14 44 15 3 3 49 40 16 29 39 38 7 
47 12 30 14 12 41 46 30 20 36 43 38 3 26 49 26 18 32 30 49 22 30 49 23 23 40 5 6 14 14 39 40 36 34 37 34 6 16 41 28 50 23 42 12 38 26 42 30 2 23 
37 27 44 34 5 1 45 50 22 11 16 22 27 19 23 34 41 18 39 46 34 35 18 19 12 22 22 15 46 28 48 43 22 12 21 18 49 17 46 4 14 2 20 38 46 38 21 49 4 24 
50 22 43 1 4 3 30 17 10 31 23 44 6 33 42 20 6 6 5 50 20 16 5 23 8 45 36 24 39 8 25 23 7 33 25 5 44 42 18 43 11 35 49 38 24 27 41 30 32 29 
14 14 38 7 21 41 23 2 13 47 41 46 8 3 7 50 8 23 44 45 42 31 35 46 25 16 10 12 47 38 25 41 24 20 27 8 26 44 20 4 11 34 43 8 23 18 5 42 6 49 
24 46 45 7 31 23 1 35 46 2 44 38 7 1 29 26 49 2 36 36 29 41 30 21 2 27 31 20 39 33 18 45 16 32 35 17 14 33 49 49 48 21 31 40 44 30 34 26 42 36 
36 1 31 8 48 49 39 28 26 27 3 34 14 33 15 35 26 1 25 2 45 29 42 42 15 20 28 3 43 29 3 41 33 21 29 8 21 2 17 42 25 5 24 36 17 40 40 42 16 19 
16 25 14 46 46 6 22 20 1 21 45 23 43 44 21 16 23 16 31 18 12 43 46 22 5 48 21 4 24 1 40 12 35 8 5 50 26 2 30 30 12 40 3 13 1 11 28 15 10 19 
24 13 27 40 41 41 10 9 2 30 45 27 5 2 9 50 20 27 7 15 19 21 8 25 48 8 26 11 19 32 45 23 21 7 29 9 21 42 50 8 11 23 7 17 37 26 41 1 29 10 
28 19 24 17 44 30 12 24 30 44 14 14 30 43 27 13 8 24 30 6 44 50 16 3 31 35 46 8 13 6 19 28 38 26 17 22 22 3 15 48 1 29 31 24 28 19 18 30 6 20 
14 12 41 22 7 22 8 6 16 17 36 50 6 17 13 29 4 20 5 11 33 35 26 46 33 20 45 30 20 6 20 42 24 34 1 9 23 46 46 28 28 3 47 40 48 20 41 38 28 47 
17 1 25 48 48 28 44 48 19 32 34 4 29 20 15 34 48 33 28 13 48 8 8 18 30 45 14 17 9 38 4 37 46 20 36 22 9 18 48 16 46 50 42 34 22 45 25 5 31 21 
18 17 9 24 26 31 30 35 40 20 42 10 34 40 38 13 49 5 28 34 44 48 17 39 34 10 33 31 16 34 11 44 28 10 19 29 10 20 18 25 48 5 15 1 50 4 2 44 50 28 
16 47 3 35 20 4 18 38 41 33 34 31 11 31 28 19 49 18 10 36 12 2 31 48 44 40 29 12 8 35 28 5 1 23 16 49 3 48 1 46 35 13 45 1 15 33 27 26 12 10 
25 9 8 11 17 25 43 23 45 42 4 1 11 14 34 33 26 10 25 43 32 8 35 40 34 30 4 9 1 41 34 12 6 50 13 23 38 9 4 25 28 23 17 30 23 15 30 41 30 39 
7 20 45 31 2 25 8 6 17 40 30 42 18 23 30 37 47 27 47 6 25 40 10 18 36 47 49 36 49 14 27 40 17 17 10 1 46 17 43 15 40 1 47 21 45 34 21 50 20 10 
13 21 24 26 10 35 43 7 23 19 10 15 4 31 30 48 1 25 3 25 49 41 1 40 6 38 9 25 9 45 10 27 30 41 7 8 33 34 49 2 33 6 13 9 34 44 19 46 41 24 
36 47 10 16 29 42 28 31 30 1 43 48 34 45 42 36 12 6 21 6 9 14 3 35 35 21 27 12 50 24 46 48 23 6 43 42 25 21 9 43 9 41 27 2 24 18 28 26 3 46 
36 8 25 18 28 31 31 19 27 19 4 13 14 1 48 31 37 15 37 13 41 42 7 12 49 9 23 9 42 27 39 30 10 30 41 44 37 48 1 6 16 43 2 42 46 48 11 25 32 2 
24 27 9 3 45 41 16 26 50 21 2 5 25 45 8 43 48 49 16 21 22 30 13 33 44 5 49 22 39 1 24 11 25 30 15 11 8 29 26 25 39 15 16 27 44 41 4 17 32 26 
1 7 34 45 23 15 12 44 15 5 37 42 43 24 37 16 29 16 40 1 42 41 49 42 9 6 6 23 2 6 19 47 32 20 22 12 38 35 31 5 22 44 20 41 6 17 22 12 42 40 
47 21 32 44 19 11 30 40 15 21 15 44 21 6 34 46 31 34 20 1 34 25 1 37 16 15 17 50 34 42 2 30 16 10 2 34 49 3 27 24 6 4 6 17 21 35 6 18 1 16 
15 9 20 48 4 42 33 19 50 13 24 37 39 19 8 49 41 46 32 44 38 18 24 15 43 5 17 28 46 1 3 31 24 46 45 26 1 7 2 37 30 16 19 33 18 39 15 7 11 42 
41 11 1 36 9 7 10 27 4 32 6 9 14 47 3 19 16 3 34 22 4 20 5 32 44 7 47 19 6 12 26 39 28 43 26 16 28 3 14 11 31 20 10 39 28 14 6 4 12 42 
12 31 11 15 24 33 31 12 47 7 28 34 19 1 38 19 22 36 44 5 17 22 17 24 49 35 30 38 46 36 27 35 50 24 26 25 23 21 27 38 46 47 23 11 10 23 28 40 8 3 
30 32 29 5 2 45 3 27 1 46 50 3 48 31 48 9 12 9 8 35 23 20 8 15 45 27 7 49 16 33 34 39 40 16 16 36 44 31 34 23 17 42 22 23 9 16 42 23 27 18 
4 43 21 28 32 5 25 7 1 25 16 15 22 47 36 12 31 29 41 16 29 49 17 4 28 16 19 3 8 22 6 27 23 49 33 29 6 43 40 15 6 41 3 43 29 2 11 14 27 6 
35 8 10 13 14 14 25 14 35 45 17 26 30 49 14 49 36 45 17 1 13 18 5 7 28 32 19 36 36 9 16 27 36 42 48 24 20 47 7 1 39 35 36 19 25 43 31 12 15 35 
27 20 23 33 49 14 8 38 20 21 6 4 8 33 25 24 25 34 5 19 2 10 27 24 13 39 30 21 8 18 2 2 30 38 16 25 13 16 17 22 17 39 33 17 33 27 31 3 19 16 
38 19 8 19 38 35 50 16 7 20 20 14 40 7 9 42 14 23 35 37 43 39 47 8 20 5 26 35 45 33 15 43 12 29 10 25 9 3 3 20 35 33 15 14 16 1 32 5 34 8 
30 12 18 16 18 43 33 16 26 24 19 27 15 31 33 16 15 41 17 50 14 46 17 45 20 11 29 39 39 25 39 7 27 31 50 20 7 24 1 39 24 14 48 37 10 50 38 11 14 11 
5 3 10 8 5 1 21 18 39 6 19 40 2 50 14 11 47 26 41 48 9 20 27 41 38 9 44 48 2 47 50 27 5 19 6 37 42 31 20 43 2 6 4 31 5 10 27 19 43 17 
39 29 27 44 18 39 13 9 29 13 18 35 38 33 35 23 38 45 16 26 10 28 35 34 4 15 14 15 39 39 44 17 37 28 16 24 14 9 1 11 48 22 20 24 31 35 34 2 42 9 
14 32 31 32 31 29 40 40 37 20 46 20 28 5 38 3 14 25 34 29 11 32 37 43 40 5 12 42 25 15 43 21 29 40 15 27 49 34 14 19 24 19 46 26 26 3 6 48 8 40 
1 50 13 12 18 36 2 8 26 8 3 11 19 10 36 44 28 50 37 18 17 48 41 46 2 38 35 23 33 40 41 19 7 2 5 46 16 15 40 38 47 21 46 47 16 12 1 13 5 43 
44 22 29 5 45 9 21 50 28 14 18 49 23 33 50 46 50 22 26 21 22 23 23 17 24 38 1 2 6 8 3 39 9 13 8 18 25 43 43 25 7 23 31 16 23 30 44 10 15 36 
32 3 21 37 35 2 5 4 44 4 43 10 12 42 32 49 9 47 44 36 42 42 2 48 42 14 20 31 26 38 36 21 18 50 10 35 22 40 15 42 18 21 46 14 14 36 13 7 32 16 
46 50 34 40 4 31 10 45 6 14 15 5 24 40 4 19 4 4 7 1 26 21 17 39 47 50 39 21 9 43 34 31 20 11 15 28 34 35 29 46 18 14 39 2 16 39 32 2 13 2 
30 17 22 50 3 30 5 23 22 32 25 39 43 2 28 26 22 48 21 50 29 36 21 8 42 21 46 26 29 5 23 25 21 4 13 14 41 26 7 48 34 13 5 42 1 32 3 34 28 23 
10 39 29 50 39 12 6 17 44 34 42 49 5 50 46 40 9 39 35 13 50 10 33 13 12 15 43 25 30 26 25 7 35 4 33 19 12 17 14 12 1 33 7 20 18 21 23 42 41 38 
7 38 30 3 15 47 49 25 3 35 11 3 7 5 30 23 12 27 39 19 3 26 17 20 42 22 35 25 8 18 42 17 46 16 33 49 10 39 48 29 5 48 7 23 6 19 22 48 30 37 
47 9 34 44 4 14 5 5 6 41 41 32 17 7 34 47 44 20 17 5 20 43 5 14 42 50 41 36 50 3 47 31 41 17 30 21 38 42 21 23 11 4 17 24 18 12 49 42 22 16 
8 15 20 37 30 33 17 7 32 7 10 37 30 18 4 44 40 22 38 39 3 5 8 23 35 40 43 9 12 45 26 28 39 49 14 11 31 5 29 24 37 46 35 7 17 46 14 1 15 46 
2 12 4 2 47 31 27 35 19 33 43 36 3 4 21 14 47 48 8 45 2 20 33 4 43 11 28 25 29 23 22 11 21 44 5 10 26 35 49 16 31 9 47 23 49 13 33 47 26 29 
47 33 5 38 1 29 21 34 40 45 16 1 36 47 16 41 15 44 21 35 40 23 43 6 40 14 40 19 41 40 19 35 23 31 35 49 41 18 14 22 50 17 38 1 33 33 20 50 43 48 
32 48 12 45 16 12 30 3 25 42 49 12 37 45 14 33 34 26 41 49 46 47 5 29 17 46 9 15 23 25 48 34 43 23 43 16 5 24 4 27 3 23 45 17 38 7 48 1 7 35 
22 33 34 15 38 23 42 32 11 5 33 28 13 10 11 29 34 40 40 32 48 10 46 31 5 25 41 27 42 29 32 17 46 33 11 26 24 2 8 32 45 45 48 8 24 38 43 9 5 19 
