100 35
89 75 79 3 53 21 61 82 40 48 92 47 95 94 93 81 93 88 21 33 64 23 12 68 81 71 68 30 21 67 32 54 1 9 22 
2 23 50 95 86 100 33 4 32 84 88 16 90 40 36 41 79 63 30 56 98 64 5 65 96 2 38 17 4 29 61 49 53 16 25 
47 28 91 18 99 42 51 62 93 23 31 10 17 84 97 38 55 30 69 7 39 36 81 87 75 54 10 74 36 58 93 84 14 96 17 
75 76 1 43 54 27 29 83 53 73 72 47 94 32 52 97 69 88 81 73 52 55 65 7 25 91 96 85 88 77 6 9 79 27 82 
82 93 6 14 36 82 1 80 32 72 93 9 40 50 71 39 71 15 83 60 5 66 22 24 66 49 30 67 88 76 48 96 29 90 2 
88 21 45 26 19 77 90 89 39 12 47 84 98 43 53 40 59 79 13 34 11 49 66 18 50 97 80 99 71 23 47 67 47 58 30 
34 13 17 25 24 49 24 60 19 55 92 22 19 74 66 22 33 38 88 25 2 23 73 44 72 11 37 14 1 85 29 25 14 35 61 
41 82 32 70 93 1 22 66 6 95 14 85 17 57 97 79 32 57 79 75 19 91 65 58 68 56 92 35 25 55 96 89 49 64 14 
39 18 88 17 54 1 27 14 89 93 40 22 89 76 74 73 20 35 81 92 44 65 64 84 3 23 71 56 24 23 84 82 10 78 1 
42 84 26 89 7 82 47 52 31 63 5 95 57 47 82 64 65 59 85 41 39 82 55 52 51 62 45 75 16 84 18 64 40 59 54 
4 84 91 47 27 83 49 14 75 75 89 94 93 99 76 60 52 99 83 89 44 98 9 28 49 93 88 23 98 99 20 45 76 33 5 
29 99 47 5 57 18 36 34 1 25 90 43 41 39 63 36 29 1 24 38 96 39 84 7 6 21 88 87 75 61 34 67 69 99 74 
62 36 12 40 61 75 10 78 79 1 35 28 97 51 34 98 40 33 87 21 48 62 87 18 15 12 26 100 46 74 58 24 26 76 93 
49 39 90 2 12 13 32 17 85 80 34 59 39 68 70 87 65 8 46 14 46 36 3 94 2 65 93 74 1 10 89 13 89 27 88 
15 23 80 10 43 54 54 91 88 39 25 28 49 71 79 85 84 38 91 57 30 4 41 74 42 90 65 3 72 79 46 51 35 83 89 
35 23 79 49 42 33 6 17 15 67 55 4 80 48 44 56 62 83 70 82 5 90 86 88 1 22 31 3 25 77 13 23 22 48 5 
81 39 38 89 24 91 80 62 56 95 18 20 54 30 21 21 83 42 78 30 42 21 59 58 95 99 53 40 39 77 58 67 62 9 79 
51 4 68 43 99 94 38 9 100 78 25 56 9 65 8 98 36 40 53 31 95 14 92 11 8 1 22 8 65 23 78 32 32 14 14 
30 66 3 13 67 66 95 30 21 12 7 1 42 2 29 6 71 7 39 66 62 70 16 70 4 24 20 8 5 85 61 12 96 60 26 
99 71 46 14 83 26 72 78 19 35 4 66 8 53 52 75 15 52 89 92 80 65 31 2 36 38 37 50 3 77 35 28 41 65 38 
86 6 1 88 37 63 99 24 47 10 43 88 81 36 25 41 55 6 95 70 73 30 36 64 4 79 25 82 33 91 89 28 100 8 88 
93 1 4 87 28 43 46 47 63 78 33 19 14 59 82 78 86 96 61 69 87 45 20 40 10 56 1 55 7 52 21 81 42 77 20 
24 92 67 38 27 19 41 10 47 41 8 66 14 14 92 43 10 69 69 90 42 97 65 27 68 16 81 24 54 23 98 85 92 66 2 
63 90 66 3 75 45 65 43 32 88 58 100 86 92 50 53 40 96 10 25 96 2 33 32 91 33 84 52 49 45 84 9 13 59 3 
55 3 21 7 79 76 62 79 25 7 85 55 73 75 80 49 88 70 62 89 24 40 89 34 18 61 1 21 87 71 8 91 79 43 48 
34 5 80 85 32 22 90 55 79 52 55 95 39 30 47 53 21 50 48 10 76 33 44 42 66 45 71 24 53 44 79 60 58 53 46 
53 1 8 59 69 66 83 88 54 35 49 96 77 47 9 43 68 42 56 53 51 50 31 35 11 9 16 99 95 99 58 64 79 2 55 
37 91 72 33 6 15 53 8 88 4 30 10 40 83 61 8 15 7 17 64 68 57 71 79 59 19 62 33 40 89 40 94 22 52 62 
47 60 92 2 85 1 100 74 69 41 55 52 60 28 60 23 77 34 62 48 44 50 70 58 61 2 61 86 10 76 14 15 72 88 43 
21 52 77 35 32 5 100 4 31 49 22 21 1 69 77 42 7 12 37 11 43 3 32 86 69 82 68 40 20 1 44 78 42 75 65 
72 67 50 58 30 79 95 1 34 30 21 64 1 81 75 20 73 86 58 65 71 48 11 2 90 43 62 41 19 30 71 49 42 19 74 
75 13 67 13 7 43 99 16 49 83 61 80 67 58 34 67 52 42 43 24 53 92 98 94 7 8 72 18 17 11 9 86 67 53 95 
39 79 24 42 79 6 57 67 35 50 25 79 10 70 70 34 70 31 2 41 10 57 32 20 20 25 74 100 73 65 31 59 71 64 86 
73 41 92 65 15 37 12 38 90 10 11 43 34 88 50 81 39 61 97 31 19 1 68 91 100 25 58 73 84 58 11 67 16 43 55 
73 82 6 99 57 82 96 55 97 78 79 27 15 7 8 13 89 43 76 75 58 30 74 19 93 21 79 4 8 5 33 58 55 71 85 
25 10 47 35 69 20 66 27 82 29 36 50 50 10 63 85 46 67 21 29 6 49 83 32 99 81 22 30 91 9 50 47 75 21 90 
40 39 12 59 47 70 44 95 64 68 78 72 93 85 10 17 70 99 87 45 9 19 23 58 63 88 73 12 47 69 82 25 94 71 57 
80 8 85 78 98 98 82 93 64 88 32 44 38 84 32 61 75 91 94 4 50 99 78 41 80 70 34 17 47 22 58 87 77 69 57 
53 5 7 30 39 26 81 94 59 17 32 23 17 73 50 86 26 13 51 69 20 70 24 95 15 93 23 43 86 31 15 19 19 86 19 
30 13 38 9 53 76 33 85 77 74 64 49 64 55 71 66 60 65 62 40 85 30 49 3 96 83 12 54 71 94 55 7 91 29 77 
31 55 52 7 84 22 4 35 41 32 25 65 69 5 14 29 70 70 84 6 7 100 92 91 17 21 92 7 15 41 48 46 64 21 69 
73 48 34 63 2 37 29 3 42 60 70 22 6 63 18 95 72 25 26 74 29 60 8 63 47 27 27 19 45 83 70 17 10 66 45 
19 74 38 33 53 62 6 84 25 90 23 7 81 32 17 99 74 84 64 46 54 89 69 51 32 35 53 64 78 39 37 6 92 90 35 
90 2 65 92 87 75 72 73 12 60 81 50 31 50 43 65 49 77 64 8 31 65 35 30 29 70 98 35 23 82 50 45 49 16 68 
33 11 72 36 34 76 50 91 37 85 48 51 58 34 44 41 82 76 45 65 25 62 8 98 69 86 73 15 39 98 22 98 58 39 32 
98 14 52 30 51 90 15 55 18 28 56 67 74 39 78 75 2 43 67 39 63 61 72 29 8 19 24 12 95 2 9 88 67 76 92 
47 56 36 55 15 46 18 41 22 22 37 17 49 85 79 12 45 98 7 44 34 45 34 21 15 12 6 7 54 46 44 83 51 46 71 
30 79 35 93 47 17 61 33 61 38 82 82 5 5 13 6 56 17 7 30 83 85 76 53 14 59 100 67 87 85 42 100 84 89 44 
45 40 92 76 33 93 62 22 63 57 31 71 67 74 24 33 79 11 83 95 32 21 52 55 13 30 61 43 3 13 96 61 53 18 24 
62 13 86 25 63 87 13 99 5 6 23 49 91 5 5 29 22 7 14 55 1 77 77 55 89 99 100 72 34 21 85 47 27 57 68 
47 24 46 25 85 33 46 47 2 45 90 5 80 88 81 27 50 86 80 64 43 69 81 83 33 8 83 15 2 92 56 83 60 82 51 
45 33 14 51 74 77 88 45 83 22 65 67 82 27 20 61 63 66 81 84 48 47 54 52 51 94 20 6 95 84 83 6 97 48 85 
95 88 48 71 32 18 8 10 84 21 28 77 57 14 98 4 49 8 63 8 43 4 21 19 84 91 83 62 45 72 4 29 51 24 73 
75 39 91 59 86 89 73 44 24 56 28 44 91 92 23 47 62 53 91 21 46 34 40 5 83 81 68 6 6 42 3 59 42 16 86 
90 1 85 17 79 90 73 18 9 76 68 8 12 9 77 32 92 95 75 2 15 39 61 47 59 24 25 69 26 78 96 91 84 12 77 
23 89 98 80 36 31 70 41 1 55 64 61 46 36 81 4 21 91 17 51 82 65 64 3 82 78 47 74 30 91 49 49 77 45 32 
6 2 11 29 49 88 86 76 77 95 16 89 20 29 63 33 75 40 94 57 82 26 3 75 35 94 26 59 20 20 33 72 71 72 86 
54 1 10 2 84 91 5 64 53 68 73 73 32 14 67 12 8 10 100 69 52 54 80 33 95 55 48 20 27 18 73 23 92 84 31 
80 24 20 9 76 16 95 59 83 17 76 73 89 35 44 25 28 94 29 24 28 91 21 73 27 32 48 34 53 32 23 62 43 92 78 
7 12 2 26 77 99 56 88 71 87 36 80 45 44 11 84 26 19 58 31 26 84 52 21 55 10 76 53 41 98 49 33 3 68 80 
93 4 15 10 38 81 40 51 85 84 69 45 100 26 86 52 68 64 40 46 84 72 57 38 12 18 39 14 77 41 36 25 31 35 34 
70 72 55 11 98 8 58 99 59 81 99 69 10 25 92 59 98 77 25 58 9 48 70 69 36 25 60 8 30 53 56 80 84 55 53 
96 75 96 34 15 54 22 59 76 43 65 36 90 60 29 21 73 26 50 21 76 89 85 77 76 61 46 33 24 69 14 98 23 25 10 
98 79 49 8 20 83 75 97 8 91 73 64 6 66 4 82 87 64 79 22 76 96 100 3 24 52 27 99 23 20 1 82 88 37 32 
82 67 62 75 69 42 12 44 57 94 29 67 11 68 53 6 56 9 25 71 23 35 67 65 14 28 11 34 51 1 47 15 77 55 18 
90 64 20 75 69 77 6 86 20 14 47 11 28 34 100 81 76 83 98 22 76 60 81 56 68 65 81 87 7 53 10 53 12 15 52 
58 13 51 26 65 46 43 33 54 71 25 72 53 97 63 27 47 54 89 58 79 24 13 27 47 43 89 58 41 78 53 60 51 95 28 
81 86 37 88 50 82 83 88 27 62 25 86 56 59 18 48 30 37 100 55 25 37 88 89 64 12 3 91 56 64 67 16 33 42 33 
84 46 43 74 8 59 54 33 48 75 90 16 38 15 84 74 26 49 44 68 86 96 72 11 44 6 16 41 46 76 83 83 33 84 70 
54 92 5 19 100 54 90 88 57 18 91 41 38 39 88 40 38 64 90 83 74 69 93 15 90 38 47 34 82 52 50 41 22 73 4 
68 54 48 30 82 80 41 79 29 23 41 22 81 11 2 54 47 9 66 20 45 17 42 14 12 3 60 50 17 75 7 66 85 99 13 
42 82 49 15 66 66 41 25 82 3 65 33 31 27 75 38 80 78 51 55 16 35 96 49 41 43 4 41 1 49 52 10 60 50 25 
35 78 70 48 55 22 22 71 85 66 87 45 66 17 66 15 44 67 89 91 93 35 14 61 44 90 42 8 71 70 96 31 25 9 92 
13 2 76 42 29 69 80 55 70 69 27 41 29 54 77 21 28 30 96 69 26 43 53 75 72 3 81 78 47 98 24 79 83 15 37 
79 35 29 86 27 10 40 93 87 41 64 63 14 25 12 75 34 76 59 10 24 95 86 85 3 22 58 59 81 14 45 49 97 10 26 
79 95 37 14 52 36 60 72 77 50 48 28 9 84 46 67 17 33 73 9 62 63 27 32 82 77 43 21 76 80 6 16 82 19 72 
32 61 5 57 98 75 8 69 78 23 38 100 32 69 10 78 100 43 93 62 73 1 47 17 42 1 57 33 10 90 59 42 45 94 52 
29 59 16 100 42 97 90 70 35 45 31 32 63 30 18 51 24 20 59 3 28 53 61 38 1 45 36 35 55 74 83 26 2 91 61 
70 65 33 13 99 34 87 35 69 23 40 89 4 3 74 5 21 81 33 13 89 77 44 88 39 64 51 42 88 98 89 42 94 13 72 
3 61 49 30 85 94 2 50 17 8 86 27 87 77 54 43 67 16 58 60 86 28 64 79 73 80 69 38 95 16 43 7 99 76 57 
69 21 80 17 14 14 27 18 90 93 47 10 43 83 81 66 33 1 84 99 3 66 64 21 81 24 44 50 73 90 8 97 57 18 61 
66 67 11 81 9 36 79 39 86 40 15 58 92 94 15 65 22 42 95 11 64 51 37 83 46 76 84 10 1 69 57 43 92 79 94 
35 94 92 36 26 64 11 61 73 81 99 6 53 96 89 88 80 97 72 77 7 19 100 45 44 66 42 86 56 48 99 33 3 5 79 
94 78 39 75 46 29 43 93 59 34 65 43 27 77 49 91 25 53 70 34 89 59 15 100 25 6 100 46 53 82 35 4 19 100 84 
93 78 50 13 48 62 23 17 45 47 57 43 80 33 26 10 74 15 52 64 22 94 87 91 81 66 53 3 4 12 97 13 96 85 72 
59 55 70 3 17 11 67 56 31 37 53 28 28 59 12 65 61 16 21 1 10 39 36 42 93 2 12 3 24 29 83 83 74 67 45 
56 76 28 96 62 57 11 77 61 90 98 24 95 79 47 33 11 56 29 46 95 50 47 29 52 57 36 71 51 45 60 49 61 51 93 
94 75 66 17 28 91 78 78 43 19 89 99 27 13 5 66 34 38 77 43 5 79 62 76 7 92 56 64 15 98 5 41 8 47 93 
84 39 20 48 24 53 28 20 51 39 67 49 75 22 45 74 21 90 15 69 9 29 42 52 38 47 43 86 17 4 10 67 43 75 79 
34 35 17 29 63 40 41 37 53 88 87 75 38 2 33 26 54 73 66 49 72 28 16 8 82 72 36 81 15 4 37 64 18 52 61 
48 74 21 4 47 32 40 60 67 56 61 89 7 67 45 97 77 16 71 100 1 62 31 78 90 89 43 100 39 92 91 87 88 65 47 
42 57 6 44 91 43 80 35 17 90 6 12 24 75 80 30 9 98 5 25 87 82 5 90 71 99 22 71 92 5 81 58 33 91 12 
87 14 74 23 15 40 35 15 96 33 69 21 22 60 39 35 95 78 22 8 30 29 6 94 57 87 35 93 49 62 5 97 62 18 48 
91 50 59 34 44 97 97 5 58 58 69 97 21 89 82 20 33 9 55 88 63 16 42 66 65 44 81 56 85 68 15 33 55 47 39 
83 95 56 76 77 72 71 60 10 42 26 50 2 48 31 69 35 70 93 39 30 94 21 13 30 45 82 97 13 44 40 81 6 75 53 
50 95 2 52 56 15 58 35 23 78 14 20 91 4 94 71 87 47 99 49 88 81 92 83 16 56 16 78 28 27 73 43 19 49 52 
82 87 49 74 51 25 6 54 26 12 55 63 43 10 81 32 23 96 63 50 65 3 10 90 75 55 2 56 18 66 49 86 1 15 46 
100 83 68 93 16 56 62 8 49 40 56 48 38 93 42 26 92 17 48 76 82 3 73 20 32 20 32 14 97 4 9 76 67 82 16 
94 80 76 67 52 37 35 89 45 23 31 90 20 64 49 93 96 69 17 31 35 25 18 41 20 72 44 5 38 8 5 20 83 87 39 
64 41 18 8 60 86 90 6 16 95 29 69 30 71 86 38 49 1 4 35 73 51 59 32 10 95 77 84 18 11 4 92 57 61 69 
