40 99
47 53 160 192 155 153 149 75 18 163 44 178 75 156 150 129 199 104 114 140 153 103 137 95 96 38 141 192 31 31 114 160 75 166 76 138 174 5 9 186 50 58 25 90 57 72 44 128 132 3 76 156 89 47 12 49 137 99 127 146 65 193 61 62 160 121 138 118 137 7 40 38 82 18 55 179 101 111 42 140 126 125 180 187 21 41 68 53 157 52 198 8 77 60 35 12 5 200 194 
149 180 168 159 192 80 195 172 172 79 114 126 155 125 38 75 112 133 93 33 171 188 59 81 18 106 14 44 122 131 58 125 142 175 62 168 79 70 158 154 189 70 50 130 37 128 158 31 4 16 12 12 106 77 126 192 177 34 145 177 143 114 38 34 162 193 162 42 12 26 185 64 176 51 53 198 59 89 85 91 190 96 68 51 2 162 79 115 5 171 3 96 68 50 30 89 169 148 140 
38 103 76 45 199 163 7 61 112 69 142 67 180 190 35 102 16 149 97 157 91 149 38 174 148 65 51 41 19 74 118 37 155 175 70 18 182 78 119 105 42 18 48 1 28 182 98 51 11 168 91 80 191 177 19 72 82 172 20 191 46 149 24 187 137 124 110 33 197 34 182 184 195 3 183 165 122 132 189 185 51 198 40 88 47 19 73 115 100 40 111 184 157 60 82 128 40 24 118 
168 125 39 83 100 196 23 178 57 142 96 12 106 32 109 23 165 20 25 194 150 145 155 130 108 197 156 51 194 65 16 68 153 4 20 53 180 139 23 51 19 169 91 175 148 194 85 178 15 197 35 44 57 74 182 6 195 8 16 125 187 59 87 88 162 173 33 189 88 75 50 40 77 138 157 189 113 90 47 23 22 194 18 88 180 117 56 18 165 125 173 198 137 78 163 60 189 125 56 
91 120 121 161 66 173 17 21 135 32 15 91 135 18 92 61 166 199 156 154 168 18 12 22 71 46 59 108 151 40 190 22 167 68 15 156 73 133 135 4 133 168 9 88 74 187 26 182 13 90 79 27 6 34 30 41 80 9 113 99 48 141 119 126 120 28 132 138 93 196 146 17 135 155 193 15 120 25 100 146 7 197 21 100 141 45 130 38 129 58 32 47 24 195 192 150 32 56 32 
52 6 82 37 29 132 120 198 23 40 149 75 19 194 192 94 140 197 132 129 110 161 153 153 178 7 58 122 166 45 144 116 17 83 199 85 31 118 191 96 105 155 117 141 185 55 51 90 52 22 21 169 145 89 22 91 17 45 34 12 39 80 148 63 194 45 163 132 40 123 96 144 93 138 11 85 19 174 46 10 84 48 194 188 86 162 25 38 102 1 107 126 193 89 93 65 182 36 46 
113 127 180 195 172 26 147 21 184 58 143 50 101 155 26 73 154 102 193 90 98 9 165 181 161 3 128 129 91 158 184 32 93 93 193 112 191 152 62 93 16 190 50 133 155 162 29 4 25 120 177 105 120 58 7 104 4 142 124 113 188 170 105 121 94 58 34 72 54 192 85 49 148 198 22 97 108 72 81 178 59 189 1 94 63 104 120 44 39 33 38 30 84 105 198 161 71 165 78 
129 27 74 166 67 12 18 92 44 9 30 62 66 39 117 192 50 168 179 183 49 179 197 38 199 180 27 120 152 5 119 38 108 189 101 10 66 33 116 28 176 186 83 68 94 78 135 183 123 50 92 198 184 95 73 92 67 58 42 79 7 106 111 98 162 29 50 145 86 34 9 166 92 173 24 50 165 15 164 6 3 37 187 12 127 155 94 72 20 81 123 35 188 77 94 10 145 113 105 
147 15 128 44 113 191 188 117 81 167 18 83 133 40 1 119 200 40 191 116 185 105 118 193 36 8 150 108 94 75 19 121 16 189 25 186 79 171 190 33 18 68 184 196 36 188 95 17 51 1 92 50 113 169 19 41 49 28 54 184 142 102 139 130 135 192 199 30 78 63 19 53 2 156 103 97 26 197 46 80 45 4 9 137 102 158 79 102 196 23 44 10 49 44 71 173 10 128 113 
22 159 27 92 96 100 95 130 136 81 117 62 53 45 23 127 168 169 119 170 14 147 184 168 35 112 51 65 162 31 77 32 170 74 159 104 155 95 37 78 121 119 163 96 151 37 84 117 96 170 28 109 25 199 121 139 195 67 37 177 16 175 7 75 3 15 187 160 165 154 14 21 117 156 14 43 199 123 26 83 96 128 61 159 193 96 57 195 49 18 49 109 96 73 199 162 145 37 167 
178 135 102 107 198 115 18 120 79 61 128 73 25 137 5 195 193 75 37 127 139 118 36 199 143 105 143 147 6 171 173 27 88 112 83 10 73 29 96 24 157 8 196 192 168 107 31 36 129 177 111 157 200 10 3 199 71 116 55 68 110 18 120 23 98 121 25 172 39 128 85 70 108 152 55 9 167 53 71 57 65 75 23 114 100 188 61 25 195 112 130 187 146 45 12 12 126 26 176 
186 119 174 82 170 140 15 56 123 70 47 197 98 9 185 163 118 94 12 163 189 197 118 80 182 10 37 153 80 102 130 39 162 161 119 191 164 141 186 169 86 190 186 48 64 143 66 11 137 127 195 61 131 4 198 1 79 159 34 89 116 170 178 103 126 110 107 148 29 144 4 16 67 198 54 34 57 37 182 33 188 141 9 11 59 121 87 109 53 80 67 26 41 80 121 176 53 5 168 
128 171 61 75 174 80 126 130 1 15 162 174 179 69 139 181 172 46 163 66 171 127 22 24 149 37 66 120 154 199 78 129 77 127 42 47 3 158 70 79 30 136 175 154 123 197 86 32 41 130 58 118 12 175 191 186 106 58 103 142 117 3 194 36 73 137 25 177 54 13 55 61 9 158 139 9 87 100 8 169 50 16 78 172 72 20 93 89 185 119 112 92 32 123 175 162 101 106 185 
161 129 78 65 123 26 144 166 100 16 59 192 129 167 41 8 27 47 30 160 60 10 35 60 122 156 126 40 34 81 168 146 70 114 95 10 105 72 125 8 194 141 168 54 135 64 139 175 92 185 93 118 84 108 88 155 183 193 100 66 140 36 125 77 49 186 194 68 104 77 167 2 36 80 5 171 68 149 112 19 47 21 145 89 137 40 125 21 140 7 181 31 26 160 80 121 17 73 117 
38 40 103 165 155 73 135 96 182 168 101 127 125 147 76 2 57 82 142 90 91 128 142 17 102 122 83 128 70 31 54 90 120 56 87 15 60 130 131 51 119 98 33 15 124 56 190 32 132 143 182 63 76 92 134 176 111 20 102 71 93 26 99 88 171 57 132 45 147 71 44 93 79 11 65 10 88 112 27 83 20 169 200 20 1 183 166 107 83 105 57 140 69 75 94 198 78 98 48 
79 131 199 138 93 116 50 149 7 138 56 163 20 56 96 171 169 64 26 47 8 105 49 116 63 190 26 112 30 90 132 41 77 1 195 29 77 49 120 76 70 105 75 101 57 169 187 41 54 147 52 137 56 26 115 190 136 25 134 81 135 181 199 97 31 127 10 52 180 123 108 40 159 61 127 195 155 14 59 24 147 74 102 180 84 20 55 193 87 157 160 49 153 25 162 62 30 20 5 
96 90 180 135 71 2 31 44 51 195 79 23 41 89 179 24 175 66 129 151 35 76 10 143 80 68 86 142 56 96 104 147 137 143 155 73 170 191 142 99 94 167 109 112 44 182 144 169 44 132 17 168 5 95 57 124 61 16 26 18 105 118 52 77 39 155 145 17 105 118 74 108 4 17 78 118 192 68 193 2 121 56 178 101 54 168 176 54 65 13 199 94 168 81 142 11 113 94 172 
23 84 175 179 190 148 168 156 120 14 145 28 122 167 64 102 132 144 87 66 126 52 59 157 164 172 39 1 36 65 145 127 4 114 51 58 42 112 27 143 158 7 119 67 74 94 195 4 69 33 173 60 171 166 3 42 10 118 42 98 16 181 2 55 128 76 168 22 31 166 52 30 161 105 188 133 73 166 105 101 9 186 48 112 62 6 107 32 40 174 8 83 88 102 146 134 155 19 79 
192 134 71 114 169 17 76 154 67 112 166 65 128 176 171 33 149 79 126 20 190 55 180 187 115 164 124 10 67 35 60 73 103 134 171 133 144 101 98 48 148 87 167 197 21 145 156 113 75 109 196 103 149 175 143 194 67 195 159 136 86 11 122 100 99 24 97 13 132 150 145 133 72 37 25 4 45 157 117 6 11 81 41 66 132 47 8 141 154 174 174 117 152 145 164 146 4 99 3 
106 4 187 99 75 143 75 52 38 22 35 61 98 84 162 5 103 91 143 160 108 104 165 59 66 120 61 113 194 19 169 23 12 192 29 174 169 178 120 144 132 75 132 70 4 135 129 120 156 106 57 44 175 189 143 52 174 6 73 66 91 191 143 118 115 193 116 91 143 40 133 85 68 81 23 158 171 82 30 169 83 186 138 87 118 194 156 146 112 123 82 159 55 176 143 96 15 61 111 
105 189 1 81 10 47 50 173 46 49 55 24 57 91 2 133 144 81 14 157 188 74 109 19 96 165 79 161 157 193 15 135 42 35 14 141 176 149 85 38 189 117 29 175 9 68 186 104 142 72 89 10 12 163 167 97 117 101 179 68 116 143 132 67 164 105 38 192 159 71 186 65 13 119 93 20 166 85 195 11 178 99 172 82 136 35 190 31 165 39 68 137 110 114 54 108 104 56 50 
27 23 123 146 158 12 135 174 7 59 64 52 199 52 2 190 86 65 58 172 115 121 91 50 152 164 67 148 185 62 110 168 142 15 2 52 47 19 141 184 119 39 108 174 76 36 54 87 70 127 152 96 141 1 33 174 168 52 112 79 115 46 124 122 8 73 85 120 113 34 177 76 53 41 33 135 1 2 157 16 25 66 85 11 190 93 73 31 49 70 107 38 105 159 51 87 2 83 163 
63 103 97 155 49 8 154 8 177 95 157 184 72 151 82 41 155 134 85 19 62 69 36 163 177 20 51 9 184 43 54 11 152 15 47 12 79 25 122 47 131 69 119 136 31 153 190 52 3 100 136 111 114 169 52 167 144 116 32 120 44 124 82 119 187 105 198 122 190 120 73 183 62 188 166 115 150 79 64 167 48 9 143 54 115 71 39 129 116 72 23 198 43 12 15 62 97 22 60 
54 47 116 23 64 57 11 51 187 123 80 62 48 52 68 139 86 169 167 141 168 28 57 8 29 102 148 52 192 72 6 186 49 161 109 139 19 68 155 197 87 65 53 193 8 134 14 89 9 197 57 118 156 80 166 178 28 19 180 50 181 131 16 96 41 157 4 78 94 8 124 30 111 93 29 56 144 46 134 36 125 190 116 186 13 33 16 95 106 173 195 81 181 87 109 45 32 65 145 
80 115 83 181 44 122 9 89 69 198 29 181 187 4 125 24 144 75 6 150 53 81 185 58 73 128 14 92 195 20 135 84 41 160 200 47 136 186 124 144 166 132 90 91 117 44 184 38 50 158 119 33 53 64 89 136 106 38 47 134 8 143 23 179 41 87 84 33 10 30 126 187 108 184 93 95 43 79 65 22 110 62 181 121 199 199 164 142 147 79 18 26 117 96 63 65 15 39 97 
108 34 14 184 50 135 116 71 146 117 140 8 143 117 171 31 29 195 62 130 59 150 99 120 185 58 111 169 148 149 135 158 31 152 66 9 100 79 31 174 187 91 155 131 114 86 182 37 94 16 165 92 112 153 130 72 83 103 83 101 108 185 185 147 51 171 10 58 154 187 153 125 155 157 124 68 118 19 141 128 43 143 181 193 100 117 117 123 183 195 142 25 2 116 76 177 8 108 71 
65 27 165 186 1 73 42 71 58 148 66 177 94 165 25 116 25 64 186 90 15 5 144 183 159 158 21 144 183 101 11 39 112 16 99 50 76 126 107 60 190 4 68 171 122 99 11 11 125 116 127 27 54 63 100 166 126 79 134 109 133 50 168 35 191 184 134 113 85 186 56 115 127 157 153 81 89 14 192 170 4 111 126 86 40 90 48 116 167 142 109 139 52 200 35 116 100 44 62 
127 93 84 89 196 13 23 33 117 173 133 159 66 22 10 21 45 131 113 107 23 161 130 83 50 131 23 171 200 25 139 34 60 90 108 14 191 137 155 108 70 141 105 71 33 116 116 69 95 153 82 71 112 36 36 184 10 18 78 73 41 21 31 20 192 31 4 38 60 129 17 161 147 57 2 193 41 165 38 118 75 121 69 66 71 96 60 124 68 194 14 174 21 129 77 170 91 161 73 
43 156 136 8 1 38 82 87 61 56 65 191 95 75 116 107 158 157 94 137 167 118 98 175 7 94 28 183 29 102 26 110 43 101 11 41 84 150 103 145 43 112 185 168 90 102 9 52 177 88 21 52 200 9 162 24 47 106 46 29 157 55 129 97 23 81 124 163 90 67 168 55 115 8 107 1 69 140 168 15 163 186 54 188 160 70 18 185 101 75 88 30 34 128 134 42 38 14 18 
135 51 29 54 18 52 176 193 25 25 61 58 165 22 33 71 41 39 43 91 3 48 80 168 179 27 15 170 10 82 86 117 53 182 52 32 25 135 143 83 89 134 49 69 197 96 15 74 181 181 90 132 118 1 33 16 44 25 126 92 25 81 79 22 156 124 72 70 125 12 175 24 112 196 104 188 128 99 114 167 150 186 17 22 121 48 182 104 96 101 19 116 30 132 11 180 125 101 105 
161 126 171 31 112 87 90 10 60 165 181 12 36 196 101 186 135 165 173 167 151 183 12 136 155 65 171 161 15 79 89 15 96 123 68 39 19 149 122 199 63 77 127 124 11 144 168 68 42 193 103 68 149 162 9 132 111 156 102 145 96 11 120 187 123 172 94 192 66 107 114 152 132 184 192 162 100 26 73 151 108 38 64 125 106 25 123 47 91 189 133 139 38 24 10 115 91 51 179 
80 180 8 75 99 67 133 170 6 189 145 129 75 127 124 86 114 143 11 105 168 20 4 71 191 97 159 62 112 71 61 153 160 1 77 37 186 29 197 155 200 176 181 200 191 18 98 170 108 187 161 196 65 124 2 133 109 114 199 101 107 199 29 121 56 18 178 111 171 169 167 180 152 172 88 165 5 197 97 20 177 46 27 20 25 154 6 135 5 200 33 135 42 139 73 18 57 158 46 
171 136 39 132 77 174 162 23 97 101 177 184 140 26 41 31 25 49 191 97 61 119 83 61 28 111 116 65 54 81 197 194 135 135 184 131 54 138 113 157 53 77 61 79 9 96 3 176 75 151 9 147 71 91 35 50 27 89 81 38 139 49 88 141 180 114 75 101 183 52 1 96 39 118 17 192 4 17 172 164 153 100 179 115 20 97 137 49 38 199 83 80 123 82 198 80 34 160 112 
129 143 157 114 56 151 88 173 57 109 95 4 44 100 176 98 122 142 74 52 41 115 115 64 38 20 27 199 10 144 80 191 32 47 155 21 126 175 3 186 130 44 160 196 199 173 43 192 79 131 92 85 187 99 92 194 80 118 3 115 172 112 196 137 82 79 184 97 138 141 24 8 196 129 14 59 62 81 182 116 51 92 88 50 54 86 66 41 136 43 124 179 182 192 11 166 6 127 146 
135 59 43 197 117 159 155 88 82 96 91 119 118 30 96 199 13 115 91 93 195 188 153 173 166 127 25 13 92 125 79 179 197 170 183 116 187 50 188 46 96 14 18 32 143 31 185 192 46 186 148 5 114 44 146 62 101 136 171 34 189 182 30 145 102 22 194 91 89 21 122 184 181 63 101 15 94 126 37 66 100 122 79 122 46 73 20 103 47 80 78 194 160 146 109 182 135 40 187 
148 151 186 126 30 89 68 29 142 107 12 165 87 71 187 125 76 69 162 112 8 84 168 177 94 69 40 148 121 2 191 132 94 134 110 72 144 125 93 146 172 175 41 89 22 167 183 46 51 89 161 93 121 36 119 158 12 109 81 51 89 14 148 147 152 157 156 199 54 200 41 180 177 88 60 129 199 140 187 90 144 41 171 109 50 136 158 91 181 199 141 90 120 163 95 41 196 101 170 
53 152 2 193 82 44 65 134 109 113 55 186 56 33 86 154 102 3 31 116 137 81 188 51 40 141 185 183 142 113 76 160 112 62 68 100 190 15 183 190 188 62 120 169 66 183 183 198 89 156 177 2 8 41 186 164 47 48 129 77 194 7 20 191 129 40 45 123 22 73 84 77 31 5 189 171 126 107 148 79 22 13 79 160 135 171 163 159 157 65 187 144 164 30 133 151 56 143 189 
61 91 90 71 3 70 135 160 198 61 195 62 27 189 15 48 13 8 1 55 37 91 152 29 65 174 150 173 151 116 57 37 91 189 114 105 63 177 10 8 163 118 25 99 37 13 128 44 154 193 169 20 157 169 102 105 119 94 151 166 96 103 103 4 92 67 81 112 114 56 87 158 121 163 188 197 187 192 194 36 86 187 69 148 72 182 169 142 35 85 1 160 177 111 34 114 89 159 40 
47 99 50 22 73 200 82 91 20 85 20 43 7 186 198 108 190 85 92 10 77 76 91 13 65 179 173 168 40 10 87 21 123 123 105 40 97 170 149 192 127 93 66 13 13 69 25 142 91 29 161 81 28 83 111 185 91 77 193 155 61 126 92 105 182 9 171 59 54 172 186 194 70 128 66 134 62 160 86 75 58 128 158 135 21 168 99 62 37 136 75 10 73 182 134 157 63 110 65 
32 177 193 105 153 33 73 195 8 35 91 19 26 91 157 19 90 32 186 125 109 200 180 194 117 44 161 60 151 30 33 42 48 177 55 108 37 25 157 31 66 91 133 81 69 23 189 151 100 44 98 46 100 171 152 64 187 95 24 8 185 12 11 96 122 78 22 9 166 53 143 52 68 39 30 16 19 140 15 164 148 17 71 110 165 102 93 163 102 49 3 160 33 96 164 185 69 49 135 
