90 90
37 44 98 15 243 121 98 23 24 229 208 76 45 8 220 176 154 213 175 129 207 120 175 107 81 17 104 140 20 54 48 12 211 123 103 84 242 191 243 191 147 175 200 68 237 150 34 96 151 129 205 99 184 74 21 208 125 9 174 114 29 12 80 99 86 66 52 29 195 82 66 215 78 182 33 63 63 147 217 223 32 61 111 50 109 132 106 188 220 72 
93 175 37 114 217 230 138 68 69 69 182 41 41 198 129 254 77 208 187 102 73 1 170 46 94 153 55 222 184 203 6 243 114 234 130 85 122 219 255 133 176 71 142 63 92 220 26 207 214 46 243 250 132 251 227 59 246 104 82 150 89 124 191 117 255 233 126 32 178 234 124 209 27 71 2 17 95 75 58 180 216 179 108 193 246 106 168 18 169 145 
241 235 252 52 132 121 170 27 216 70 214 33 118 182 192 137 61 35 13 38 184 251 131 220 29 172 94 203 141 161 125 174 56 163 39 186 5 113 173 14 194 187 142 110 29 6 238 245 222 250 18 105 29 57 155 205 113 51 206 3 86 30 9 247 192 7 47 186 38 17 87 246 98 123 88 41 208 214 11 28 249 36 238 114 39 67 247 76 203 83 
172 214 255 255 122 78 25 97 191 196 125 83 136 45 210 2 130 136 165 129 138 44 22 44 251 3 72 53 4 195 126 137 179 241 185 131 18 181 65 131 89 204 215 117 184 175 161 210 50 170 227 165 248 251 174 38 223 64 36 237 65 64 209 220 114 227 227 168 38 211 46 195 79 42 180 118 112 156 208 240 96 17 136 36 244 132 50 169 25 180 
150 17 194 246 130 209 75 30 151 51 30 245 73 119 200 25 72 157 205 57 87 103 216 30 68 36 48 226 133 79 121 205 172 6 176 187 65 244 243 120 157 43 248 137 239 254 193 57 249 241 3 110 31 195 188 28 252 15 116 216 253 54 165 94 168 118 198 138 49 86 247 174 118 220 69 163 116 56 9 14 228 194 86 71 6 151 255 184 202 147 
154 204 103 3 152 154 127 83 213 129 235 10 53 93 211 216 168 122 155 8 193 1 90 32 161 243 222 247 107 4 248 163 19 197 128 89 30 157 218 205 192 226 251 166 221 9 28 241 93 233 156 88 100 219 91 94 82 201 111 127 27 113 10 244 95 114 253 102 216 101 152 94 128 19 98 199 248 152 107 193 175 239 39 21 60 80 161 23 235 65 
113 202 128 92 50 130 23 164 133 214 189 82 75 63 32 31 148 13 96 212 15 36 127 177 91 46 104 112 153 168 2 117 147 123 221 255 90 136 100 80 51 221 22 44 55 112 191 180 120 27 195 111 10 56 67 118 206 25 220 53 225 50 64 168 248 55 206 252 157 11 136 143 150 50 254 154 214 180 148 165 235 151 163 121 146 225 131 40 138 205 
223 249 77 154 228 61 182 168 61 89 207 207 211 32 177 143 235 173 216 146 228 104 63 48 88 106 21 75 220 88 139 201 141 254 100 137 192 188 215 251 106 125 114 96 47 99 124 50 32 86 29 213 13 24 53 147 139 156 47 221 255 183 194 12 86 104 227 235 185 83 90 227 107 181 64 10 148 220 98 93 181 232 58 13 253 113 7 244 60 207 
51 76 178 31 150 27 124 60 58 116 74 80 47 148 39 179 37 96 19 184 66 217 154 34 250 138 59 215 224 139 59 165 41 9 78 137 95 254 152 104 11 22 2 169 189 73 92 140 193 57 205 194 238 111 143 157 91 104 219 81 99 149 176 165 74 203 190 23 233 67 149 60 174 13 127 118 96 190 153 55 107 46 251 235 48 238 43 94 141 126 
141 137 34 206 24 58 6 18 132 137 248 120 177 234 176 210 123 243 228 182 68 145 170 157 231 74 65 41 85 201 247 236 14 76 37 126 60 179 127 155 182 73 64 181 129 13 209 170 190 2 141 245 148 220 59 41 113 23 81 244 204 41 179 151 51 142 104 105 194 194 13 107 251 98 105 17 236 30 131 153 39 37 17 72 22 190 16 183 11 47 
4 46 35 43 14 165 99 227 221 92 161 127 184 75 19 3 146 39 47 126 111 232 39 5 25 247 171 189 75 115 186 148 111 178 61 97 9 128 156 137 231 166 161 228 194 69 203 253 75 26 86 240 112 164 196 238 67 90 7 200 71 73 157 235 159 100 211 194 219 216 236 220 96 29 226 208 156 171 11 204 26 140 72 157 23 157 26 211 163 66 
178 47 144 108 224 128 19 43 244 166 237 160 122 95 18 21 87 135 236 144 75 9 247 41 186 145 164 106 84 197 63 137 10 39 102 82 72 188 62 112 3 204 95 144 122 182 61 234 70 47 143 77 24 114 209 28 185 186 148 99 181 253 143 15 62 200 192 181 170 51 7 36 178 214 255 161 185 175 150 128 73 81 17 126 146 108 9 148 164 109 
143 37 20 218 131 52 210 16 68 147 242 26 73 183 14 201 213 148 26 55 198 182 205 95 55 130 239 253 241 72 46 99 246 18 90 217 253 93 160 223 208 174 159 201 84 34 241 144 154 235 141 95 105 117 24 42 245 253 121 83 215 111 223 182 93 205 133 33 84 116 85 251 245 13 196 64 107 93 15 120 188 238 157 95 142 169 189 105 249 218 
139 186 245 71 19 230 11 66 168 247 209 232 239 13 119 121 136 157 69 232 108 50 93 167 100 145 58 65 42 55 33 193 23 40 254 15 120 216 251 155 103 203 178 169 196 159 80 129 38 168 14 71 98 213 82 102 147 242 101 49 27 147 125 166 161 178 22 13 19 84 223 204 254 44 43 174 125 165 43 246 107 202 227 126 159 92 165 62 236 39 
125 240 34 223 87 59 196 22 214 9 186 5 153 137 186 205 97 239 21 242 106 111 189 16 90 153 163 35 148 7 75 115 95 250 167 100 40 246 170 50 205 79 153 122 66 75 125 8 110 107 94 192 160 198 18 170 120 166 70 235 17 216 24 68 98 80 228 203 158 24 151 136 122 49 176 168 35 78 188 216 224 162 123 172 152 26 243 239 58 57 
47 220 191 22 85 37 204 115 104 163 158 157 95 194 84 2 211 230 191 149 4 95 186 28 101 181 78 202 130 216 142 231 220 255 124 223 149 202 92 236 147 95 62 75 106 169 68 155 168 241 72 227 239 224 242 96 105 66 113 127 113 3 216 76 32 67 212 157 129 137 190 199 159 87 71 42 181 47 165 217 43 105 166 196 50 197 242 125 39 27 
104 34 134 47 111 133 31 119 8 251 85 221 28 147 21 195 58 133 83 228 203 30 44 208 244 131 18 152 153 132 20 235 202 225 156 67 30 181 82 212 14 103 95 228 9 99 83 197 72 237 102 2 251 203 77 17 5 49 232 139 183 139 247 198 102 48 36 200 163 4 135 241 143 149 133 224 147 80 12 94 216 54 169 226 236 204 135 243 88 163 
164 113 22 44 238 160 59 66 158 237 180 154 224 206 106 250 190 183 187 243 196 245 133 120 104 7 78 141 165 170 167 116 70 69 236 131 105 80 125 147 162 129 118 168 211 77 49 85 151 244 244 112 218 214 31 144 6 17 191 125 71 201 94 127 101 32 107 180 45 21 22 224 220 123 133 95 169 50 168 34 175 70 168 102 249 47 39 156 117 72 
88 18 96 71 29 230 171 196 51 99 81 15 162 45 12 242 240 119 127 40 75 36 58 126 50 255 39 146 212 2 64 24 32 195 182 1 182 142 85 149 90 58 194 66 115 190 129 39 187 170 70 61 69 99 128 19 97 103 54 247 18 233 130 16 147 143 104 181 50 160 182 29 107 229 66 152 13 31 165 119 92 182 68 97 249 171 221 32 124 76 
83 185 253 189 238 99 164 116 225 8 77 9 53 6 228 25 100 221 168 155 115 235 191 95 19 236 127 138 66 225 57 98 123 23 234 176 73 105 57 121 231 2 118 122 73 160 184 136 145 195 177 199 121 171 195 106 32 152 156 211 50 59 69 98 131 178 224 180 234 158 169 38 147 142 208 233 2 98 205 238 5 94 201 249 217 5 60 162 171 2 
82 30 197 178 191 6 143 19 25 2 192 160 67 6 206 125 181 15 2 99 251 8 80 39 70 202 77 231 111 214 77 171 208 69 39 243 190 142 155 36 130 149 203 179 199 43 88 3 48 231 253 95 20 152 88 122 174 25 157 107 153 89 236 122 126 104 151 202 72 62 117 51 65 175 161 62 235 41 196 54 254 53 64 55 215 98 212 27 191 134 
169 200 233 128 72 57 116 233 235 44 218 93 191 243 42 210 105 77 216 25 123 19 22 124 166 110 251 49 210 170 235 249 101 92 4 168 240 21 255 239 138 44 101 56 239 253 73 73 97 14 172 151 56 249 158 133 37 46 172 210 49 179 212 157 86 168 253 173 77 159 36 231 239 7 75 156 83 74 220 29 218 213 119 196 9 175 242 95 63 194 
135 23 39 163 214 222 153 209 99 243 148 208 148 255 45 26 229 222 5 185 87 159 58 27 190 69 83 89 36 217 142 29 157 213 186 75 251 238 91 161 178 98 86 127 62 170 100 231 129 87 121 13 223 227 248 120 252 194 77 132 244 138 195 207 118 231 73 93 6 198 224 5 97 225 242 234 187 159 78 21 221 97 246 236 80 67 162 174 157 105 
130 34 92 202 30 20 11 42 3 244 105 156 128 15 84 98 160 54 96 217 183 111 47 219 150 227 184 217 218 160 2 232 83 131 7 55 245 71 203 125 109 14 207 114 37 114 231 214 232 100 177 24 254 226 158 43 200 223 218 134 211 85 255 118 113 98 212 176 51 231 25 73 223 9 148 8 204 11 107 52 168 98 104 222 153 130 71 55 206 51 
174 109 215 247 97 74 102 89 216 220 212 28 200 119 7 44 200 99 139 84 34 245 17 250 243 242 142 132 57 233 63 23 221 120 194 88 98 34 12 105 91 36 108 42 38 115 99 31 49 79 9 240 193 154 40 226 244 97 122 195 249 179 133 164 70 208 8 233 53 188 146 245 88 53 160 128 111 176 74 238 71 90 125 165 247 37 71 46 192 247 
13 61 128 136 222 91 251 106 169 68 125 96 253 198 126 127 170 174 86 35 99 140 182 213 59 218 98 155 28 87 98 202 138 148 57 96 221 29 197 245 194 161 213 85 37 135 177 183 88 232 1 70 170 204 96 87 163 159 20 137 40 187 150 175 201 15 133 181 105 51 29 108 127 225 203 103 178 198 11 88 13 135 138 150 240 233 217 186 172 164 
148 252 64 29 206 67 184 152 56 9 187 69 177 138 160 9 94 231 40 123 212 30 61 6 128 22 91 253 234 155 226 63 95 8 14 34 50 99 85 189 153 93 227 99 230 208 251 188 5 170 214 250 15 10 242 134 228 200 225 11 144 95 228 104 227 192 143 211 25 52 180 178 102 186 68 128 209 2 121 202 168 137 103 131 109 97 205 77 174 59 
81 119 251 41 101 189 133 67 22 160 145 28 125 203 206 44 19 244 62 167 22 32 164 95 211 50 88 44 253 65 71 120 73 137 145 227 171 128 154 173 198 217 220 70 237 5 119 193 217 248 170 12 227 209 204 14 110 139 107 57 201 238 13 147 190 239 105 62 18 23 110 34 27 181 241 162 84 251 247 143 120 173 200 192 135 150 101 249 88 247 
244 25 12 7 83 161 122 58 81 42 135 9 64 72 96 79 121 98 22 115 219 171 160 147 2 25 57 201 38 140 138 68 122 32 49 221 222 59 25 222 72 93 16 132 68 200 185 161 82 126 41 80 164 51 89 20 110 173 197 106 62 175 79 158 50 230 61 236 233 127 138 181 6 210 66 91 160 84 153 17 140 176 153 158 71 196 252 120 221 218 
16 27 205 214 197 155 136 76 68 78 163 16 147 122 239 198 200 129 240 155 76 97 238 248 137 140 168 132 184 239 82 191 11 37 234 117 226 178 157 112 113 196 173 145 203 80 37 61 226 146 196 214 237 62 243 154 43 107 168 153 144 13 4 64 64 115 158 4 236 64 196 184 130 50 158 172 160 186 244 251 226 73 158 64 239 179 199 28 72 50 
22 48 90 197 91 134 203 21 228 254 1 3 133 205 72 33 1 18 82 162 101 12 175 9 245 149 151 181 204 199 58 124 179 247 65 119 248 251 97 60 175 104 12 33 28 157 43 61 82 239 245 85 45 187 197 214 182 154 127 25 152 47 242 6 187 35 67 222 48 83 67 65 228 194 211 32 247 88 162 85 132 254 241 3 186 30 178 217 190 21 
148 151 244 34 244 178 217 107 177 33 133 254 75 159 93 23 109 236 60 242 189 223 253 246 6 192 47 9 25 226 98 207 24 206 222 59 217 136 46 10 181 193 180 182 230 246 101 242 71 87 193 39 158 116 153 21 63 135 220 149 177 224 231 25 158 65 138 83 76 178 77 192 71 173 44 119 150 9 64 103 30 19 19 114 123 206 37 155 132 53 
206 35 70 233 139 195 19 211 90 9 140 253 62 81 181 51 16 2 239 191 33 7 135 55 240 148 156 80 226 208 13 8 193 82 181 55 251 167 178 81 106 192 111 94 253 132 162 134 53 216 26 35 177 235 105 192 206 20 226 124 137 125 101 39 163 11 115 166 93 29 142 102 7 34 92 104 252 37 7 187 166 69 211 229 16 177 128 15 210 184 
61 251 194 111 238 27 156 118 5 184 197 131 140 38 179 150 79 88 31 4 170 207 35 210 237 216 77 249 218 229 219 144 179 154 44 247 93 79 3 130 136 146 64 190 228 6 36 77 87 139 189 116 45 161 158 209 204 244 236 105 221 237 246 236 95 202 89 236 57 150 101 96 169 255 76 51 38 224 67 187 153 132 162 204 129 115 191 85 106 212 
234 167 63 49 232 225 237 30 206 167 222 163 3 9 45 234 221 78 51 241 173 150 77 231 17 233 109 234 95 55 209 56 50 224 11 161 41 201 162 205 137 6 255 17 208 51 233 229 91 123 189 221 182 216 191 3 58 42 12 21 14 19 38 2 164 71 33 145 99 191 209 183 116 106 158 219 120 223 73 40 32 175 210 40 226 67 79 194 200 242 
74 223 13 72 154 185 151 15 180 185 247 38 102 217 243 184 22 99 212 79 77 8 251 224 206 60 235 87 112 185 87 169 236 157 211 122 121 138 212 111 76 180 249 35 222 218 93 219 144 109 120 135 6 133 177 136 98 230 64 93 43 157 245 187 8 6 141 20 30 195 152 39 68 4 177 157 76 128 251 192 15 34 40 211 155 192 247 167 19 91 
129 224 28 74 42 152 7 51 24 62 123 216 21 117 76 11 153 195 211 185 12 89 103 143 91 193 73 125 123 189 59 174 133 174 114 60 107 178 41 36 135 235 21 97 237 31 104 16 98 7 49 149 193 154 191 37 63 162 221 40 217 84 136 90 84 92 114 22 167 129 128 187 32 79 132 25 62 235 238 192 111 156 177 200 194 254 23 56 180 13 
60 204 166 115 123 60 173 63 244 31 187 3 242 65 222 96 246 94 146 169 138 172 89 124 55 170 41 132 187 2 80 220 218 28 105 44 232 22 2 115 99 193 126 51 59 94 114 219 45 180 234 41 189 71 234 227 56 184 130 43 83 31 218 172 69 235 30 143 251 142 120 215 191 11 55 153 104 35 59 194 251 68 62 189 216 104 163 213 62 19 
81 248 86 145 208 225 26 53 178 179 49 48 105 143 30 47 162 59 92 3 82 87 203 214 245 65 5 76 184 20 102 125 140 247 16 187 227 33 13 22 139 180 218 102 226 128 165 3 111 35 204 210 130 34 154 221 236 15 60 19 16 171 227 224 29 54 162 231 119 211 100 79 254 176 157 132 167 87 18 128 196 226 70 79 199 240 120 235 246 136 
80 190 70 102 251 200 99 68 129 67 37 41 122 70 215 73 242 64 43 3 53 199 183 14 37 149 215 82 139 54 88 19 98 184 42 86 137 230 174 184 117 221 56 19 63 132 86 38 41 52 152 181 240 26 86 58 29 42 24 153 12 155 200 149 108 77 65 209 249 142 199 45 27 45 179 71 54 56 173 113 96 92 206 103 189 221 160 5 180 241 
36 224 70 25 119 252 55 42 193 240 206 57 231 62 226 10 202 64 244 176 4 217 15 155 221 210 40 156 137 140 196 58 73 131 28 210 5 58 226 228 152 16 30 1 189 13 16 176 103 59 167 101 117 146 253 184 139 246 79 134 123 117 126 48 11 160 131 143 7 194 228 245 227 209 146 41 106 192 189 193 164 187 12 109 145 81 203 92 209 150 
104 236 81 102 225 230 159 156 130 187 6 14 131 56 120 26 233 19 5 3 213 67 84 134 246 136 218 80 104 20 222 185 58 198 218 12 198 212 242 160 184 101 127 153 216 106 94 146 245 201 150 255 153 29 249 166 77 22 72 206 154 210 20 43 33 45 93 149 87 213 162 152 214 64 227 101 213 50 207 167 28 120 159 106 157 156 80 233 11 156 
70 16 250 237 7 248 141 222 144 54 17 40 130 52 32 37 26 117 189 150 62 139 215 237 16 246 202 114 66 98 63 197 51 217 247 158 129 247 131 190 160 37 72 110 23 230 238 141 249 210 166 4 77 51 53 33 80 96 220 51 240 229 139 93 225 246 210 3 129 189 153 83 45 32 34 48 29 105 48 152 81 138 254 73 82 86 215 169 183 227 
229 216 50 142 168 86 153 53 159 157 56 38 125 197 203 227 25 87 131 183 100 12 97 173 131 27 219 242 243 194 23 66 199 190 141 59 225 195 150 232 200 84 12 207 237 101 4 182 124 180 234 146 33 76 95 206 73 17 40 75 85 205 175 66 187 165 191 140 148 98 135 103 12 112 149 158 191 164 210 221 110 247 171 252 142 230 243 9 182 166 
171 226 216 78 55 44 80 180 58 233 51 13 16 139 250 160 164 57 89 26 39 165 101 58 81 63 105 9 61 118 136 187 141 3 240 109 216 205 100 113 33 125 71 69 70 52 250 244 56 138 57 253 101 94 170 118 24 230 4 9 203 185 77 21 41 57 163 246 177 122 171 203 77 52 105 49 54 194 68 100 8 193 236 49 229 219 221 10 116 66 
194 219 164 246 103 90 142 213 138 220 213 6 175 18 203 64 202 153 94 158 230 200 252 209 154 53 117 116 241 57 140 101 158 29 66 213 16 22 130 238 84 176 73 74 204 250 220 153 172 236 179 52 193 224 181 114 248 48 84 131 172 42 187 169 163 13 16 3 210 184 123 93 65 44 135 165 178 30 117 247 102 58 27 111 139 204 129 157 210 107 
53 107 167 230 16 42 243 142 112 49 14 151 38 189 41 172 254 121 231 121 61 91 225 184 113 67 76 147 232 147 138 87 194 140 211 223 76 200 68 41 56 145 245 104 96 114 244 48 144 42 66 236 19 4 33 66 133 167 100 157 37 87 19 5 151 207 240 103 230 38 93 8 49 96 17 200 64 158 163 221 148 34 239 189 6 249 179 209 154 150 
130 186 34 47 243 44 67 160 23 52 139 45 156 249 151 86 187 55 140 172 70 123 210 80 113 21 92 6 194 139 230 14 173 28 3 39 73 37 76 110 176 224 24 10 242 243 30 183 165 23 191 200 130 246 11 163 154 254 12 54 136 51 151 144 190 214 158 13 195 238 41 174 123 108 31 44 227 139 103 198 209 178 139 101 20 224 238 148 20 236 
68 94 84 177 202 166 227 100 123 243 38 44 197 213 10 185 232 197 10 124 143 76 151 179 83 182 198 108 37 154 89 51 229 145 135 148 19 216 157 164 217 181 201 36 4 97 195 15 110 209 18 38 35 22 34 43 45 181 253 241 199 179 188 11 3 44 28 142 247 181 65 215 171 106 153 63 181 208 225 152 223 11 188 13 33 116 114 12 229 160 
46 238 100 225 97 18 103 203 154 115 117 81 121 36 20 241 149 140 166 39 115 228 157 114 94 214 129 186 90 46 125 118 99 130 253 170 64 71 142 83 162 189 122 192 194 147 111 239 210 191 15 108 90 228 192 74 97 80 172 67 129 205 40 126 58 113 11 151 166 144 40 230 103 137 106 32 238 148 74 203 120 173 34 172 78 113 146 155 193 104 
126 232 100 11 76 191 229 164 116 182 178 55 26 113 47 26 28 141 36 119 230 47 194 80 130 246 216 69 19 52 144 49 201 13 208 106 6 9 170 167 153 24 91 230 253 34 86 210 218 42 217 242 58 138 128 199 72 93 88 253 243 161 242 99 84 149 108 81 164 106 98 170 204 83 231 50 157 233 74 61 101 158 96 160 110 16 150 85 1 250 
128 32 28 184 34 90 212 232 45 13 45 58 125 3 83 255 116 12 124 254 15 135 239 20 214 127 96 55 125 95 44 231 86 145 39 18 233 21 122 243 222 206 214 143 250 41 231 189 113 206 205 219 59 3 160 58 51 111 163 186 192 238 62 70 53 155 97 137 172 182 101 41 160 167 13 73 243 56 56 45 37 182 251 62 249 36 147 67 190 56 
124 154 1 180 30 183 202 112 208 64 94 134 44 250 229 145 238 8 143 241 103 115 38 100 160 168 137 6 215 228 25 2 228 152 239 130 42 101 26 160 41 151 9 239 87 227 247 230 82 176 12 184 139 59 97 220 144 96 62 99 112 90 176 219 139 62 87 206 177 249 122 163 87 185 73 130 226 221 239 105 60 108 189 150 174 176 151 9 204 239 
253 32 84 98 76 183 208 211 148 50 119 37 147 211 248 19 79 241 65 108 62 187 106 168 9 183 79 134 93 53 144 166 195 64 111 64 6 105 74 105 147 235 181 154 230 112 224 83 96 148 88 146 166 101 75 149 103 107 94 241 27 19 198 148 30 108 160 184 75 45 67 210 92 222 151 146 70 156 22 236 213 102 128 216 64 210 130 40 103 39 
194 172 12 182 17 145 177 243 58 24 220 32 184 39 5 145 62 199 86 94 83 26 156 135 6 77 245 210 232 27 43 3 215 244 66 153 196 54 179 198 132 45 79 195 91 191 57 45 61 122 147 34 134 86 181 185 44 253 8 154 137 106 104 186 106 138 161 24 105 97 239 122 186 199 141 253 146 189 57 128 28 236 75 180 211 97 53 229 166 129 
10 193 165 87 104 47 61 52 226 116 187 180 197 200 12 193 212 25 246 3 217 127 215 104 33 74 17 63 197 149 31 239 99 196 173 230 11 228 7 187 146 81 46 23 167 142 155 243 182 193 213 182 130 190 97 184 137 121 72 183 162 249 51 102 79 1 76 98 192 131 240 238 143 56 99 178 156 77 128 62 25 12 177 69 46 247 155 43 209 60 
185 216 157 100 115 131 93 188 219 86 143 215 153 158 16 151 180 116 63 170 197 129 51 107 192 219 238 139 96 148 22 115 87 240 28 78 101 110 112 30 236 149 18 210 20 160 156 189 174 142 191 112 106 165 149 186 235 111 102 122 248 77 73 222 71 147 150 82 130 78 192 51 65 178 244 135 100 79 17 225 147 247 95 10 98 20 159 56 209 180 
78 107 169 176 50 168 101 26 25 47 182 80 89 105 210 135 124 174 8 7 30 155 214 234 245 10 148 188 7 132 67 169 241 167 162 29 235 217 190 32 197 200 101 36 154 22 77 51 124 165 106 169 72 231 160 101 237 166 219 17 85 39 197 11 176 159 15 247 100 96 151 6 209 38 225 126 182 239 143 147 223 107 238 29 103 166 206 167 199 183 
136 136 232 8 19 220 128 228 10 167 93 145 103 112 133 114 118 153 181 148 172 81 164 37 107 203 40 158 240 186 21 187 92 157 114 119 26 102 230 46 35 24 110 162 214 197 62 125 223 176 114 129 236 81 219 155 43 161 139 247 204 230 252 211 143 78 246 37 123 178 129 211 222 183 129 174 69 179 235 186 80 4 157 29 204 196 173 184 106 17 
229 190 218 185 186 195 77 30 81 166 140 144 127 213 182 251 84 180 69 41 22 192 106 216 58 173 250 154 81 16 220 143 222 100 199 7 157 246 180 146 46 247 216 19 165 86 150 92 123 151 31 91 82 204 74 120 32 222 91 135 150 84 41 23 116 189 116 227 7 249 88 55 15 245 156 145 74 156 220 210 218 157 75 66 207 59 124 46 249 65 
134 133 222 221 104 165 117 132 116 170 240 253 63 153 200 225 73 39 219 144 223 96 174 115 121 152 79 17 128 201 198 72 198 82 160 41 41 59 135 211 145 121 99 216 102 205 6 225 5 51 215 66 102 135 5 37 141 95 164 246 77 34 218 76 157 109 100 86 236 95 35 45 72 178 126 3 187 105 67 255 170 215 211 100 46 81 192 39 156 219 
186 53 204 143 221 8 188 157 74 42 42 153 19 118 74 123 117 154 35 7 82 42 70 251 245 204 228 199 150 208 113 147 12 62 89 237 202 156 141 107 2 140 204 247 122 118 250 189 14 96 242 68 89 178 27 76 125 116 50 124 147 91 139 85 171 163 70 29 240 13 43 161 83 10 50 14 203 218 242 41 165 58 246 197 80 205 157 55 182 251 
43 128 20 103 157 174 189 29 89 2 244 66 101 85 151 83 170 239 80 54 255 47 168 50 109 177 7 150 247 111 9 164 94 236 75 245 141 245 122 5 201 134 77 134 190 88 187 61 254 54 36 251 162 5 27 115 139 50 28 11 135 108 233 212 74 221 64 239 118 193 49 92 70 22 69 11 241 70 195 189 231 128 184 131 142 38 148 208 118 116 
134 139 222 232 228 150 99 113 76 31 167 110 64 197 238 161 252 98 230 249 195 115 148 111 80 140 172 79 191 64 202 46 15 96 194 100 156 151 147 204 31 177 35 156 157 136 218 157 102 133 64 21 230 158 166 40 134 54 27 131 90 89 23 19 85 176 46 34 195 45 53 22 58 186 160 176 210 16 144 130 203 79 80 126 234 34 52 212 196 6 
41 8 56 91 95 222 199 140 204 168 33 74 152 121 116 50 137 81 124 107 16 77 70 1 158 93 34 8 71 163 77 227 220 231 193 37 25 208 174 227 130 67 18 11 131 167 247 241 252 235 74 78 72 253 70 61 104 158 112 251 222 68 52 29 236 113 110 190 177 42 161 142 100 1 6 45 45 82 68 57 77 175 4 17 32 26 15 139 28 244 
82 204 236 238 97 226 200 53 208 80 7 51 13 69 186 53 128 19 192 50 42 170 3 145 255 172 111 169 56 89 93 212 84 240 215 91 146 201 14 11 138 39 108 179 181 165 132 245 27 68 223 130 81 78 214 201 44 193 132 57 44 244 5 246 153 128 120 71 214 202 20 139 209 180 168 253 174 50 115 32 255 232 158 3 180 140 56 210 10 148 
32 216 171 147 157 215 87 55 158 116 147 66 98 22 114 14 120 225 226 80 237 208 239 80 132 246 160 181 74 237 45 11 119 158 75 203 103 186 215 117 140 169 1 114 53 75 202 108 137 182 14 201 140 236 63 110 143 166 58 251 99 32 64 49 179 33 238 153 85 161 247 63 246 174 170 126 253 146 206 173 1 214 66 76 29 27 213 215 173 92 
118 120 141 174 254 181 114 127 85 222 144 216 170 189 137 210 115 112 225 21 133 210 243 34 229 106 161 197 47 197 68 105 31 162 9 169 186 236 196 88 13 92 115 107 245 189 225 101 13 179 57 194 135 1 110 249 50 154 79 156 218 153 170 33 211 219 71 220 88 205 47 80 120 59 15 42 115 173 146 62 129 27 16 202 134 130 238 69 179 52 
145 18 125 211 174 89 135 102 238 223 208 115 44 17 80 135 166 44 208 162 161 181 45 216 40 37 68 68 234 237 76 246 131 221 79 27 15 239 127 103 91 9 177 156 39 198 159 177 176 73 209 85 9 42 192 9 244 12 24 214 71 227 50 5 248 122 155 57 128 194 87 235 155 116 27 173 4 161 197 12 217 30 74 35 183 252 63 38 33 124 
236 239 223 152 237 98 118 40 67 157 44 54 123 98 113 3 194 46 21 214 246 80 130 140 37 10 14 19 3 18 135 185 66 106 132 131 220 250 54 105 184 217 172 49 48 156 212 88 240 72 165 157 57 25 61 57 96 176 228 87 55 17 57 201 41 193 247 31 49 28 38 132 5 36 19 160 12 81 110 92 131 77 113 180 233 101 82 141 141 222 
132 181 220 202 123 245 74 23 113 105 240 117 103 132 69 87 227 115 120 29 159 187 233 46 171 90 54 154 189 54 210 126 171 33 199 206 198 203 96 49 156 101 116 32 80 59 38 113 150 156 53 125 248 229 43 131 246 85 34 128 174 37 233 163 13 14 161 141 72 158 58 248 151 25 231 20 106 183 111 21 151 20 210 214 66 143 94 8 110 237 
135 66 9 15 34 128 205 246 101 217 95 5 185 123 118 16 80 175 115 84 246 9 199 86 58 109 117 176 177 156 31 238 143 239 228 236 218 109 137 90 229 237 162 87 216 232 64 215 255 52 92 170 40 54 121 97 163 237 193 132 101 66 9 169 58 125 13 123 13 103 205 183 69 229 89 53 31 25 112 4 162 72 76 153 4 45 120 186 31 229 
138 139 78 34 35 244 218 66 2 60 65 142 28 148 251 67 128 128 173 4 245 43 179 244 155 196 158 29 252 104 14 74 101 139 214 135 213 165 25 122 246 243 20 166 235 124 88 107 201 220 182 198 180 230 133 168 216 20 32 223 58 245 39 239 29 137 249 224 125 28 240 70 84 44 185 25 39 252 249 165 152 184 128 36 3 213 62 53 196 176 
67 236 82 243 116 146 176 212 74 65 108 54 48 168 53 177 246 240 170 165 84 32 134 190 231 254 44 156 87 208 214 138 217 100 94 245 214 80 83 122 235 225 231 89 252 139 106 21 166 223 75 141 49 106 223 98 217 98 238 94 156 20 55 86 197 8 107 146 253 173 235 81 23 28 40 237 76 183 118 172 54 58 204 206 44 250 164 89 218 123 
128 201 176 125 196 8 255 62 120 102 112 15 147 239 27 112 91 225 234 222 17 145 166 246 106 133 181 42 12 158 129 28 6 10 137 239 15 94 21 145 250 16 11 65 27 177 214 2 34 36 247 21 38 159 15 178 209 83 20 178 123 110 119 183 27 210 239 175 94 85 163 175 216 52 249 242 131 184 64 151 146 42 102 208 213 248 153 175 38 94 
220 184 146 204 253 233 207 91 128 103 44 176 225 107 112 121 65 54 132 231 223 29 179 107 254 239 115 129 4 207 252 81 126 63 32 253 229 110 39 94 46 37 164 248 21 186 18 12 54 2 135 230 83 161 134 102 219 176 7 227 32 157 225 215 57 47 41 14 151 167 151 25 63 89 42 120 154 56 255 28 4 49 45 35 201 88 120 153 109 54 
76 139 83 195 208 37 161 213 103 74 141 154 141 78 202 219 82 189 98 162 116 219 40 3 199 75 11 152 240 139 118 138 178 170 25 147 61 109 159 99 198 68 87 111 230 198 190 228 230 156 240 219 154 3 118 26 220 212 109 94 72 68 15 152 93 55 253 127 13 107 111 109 232 83 23 245 119 201 94 147 102 43 92 234 19 79 20 252 167 246 
95 73 203 79 34 175 165 231 36 162 27 220 34 236 32 143 131 157 6 41 188 104 130 197 83 248 241 252 124 23 23 46 225 27 61 190 239 132 22 60 65 183 180 2 155 189 119 216 231 124 79 181 70 74 158 139 19 85 63 210 253 182 205 57 8 61 209 165 11 173 110 242 33 159 156 161 149 33 44 207 163 75 128 69 181 130 87 94 240 113 
246 150 59 143 161 31 252 56 49 30 218 40 162 19 159 94 137 4 155 187 44 92 169 231 63 52 157 63 248 101 85 228 138 147 41 55 32 36 126 190 250 67 27 83 217 228 175 28 164 119 141 151 30 166 1 83 160 224 98 18 6 140 186 104 220 154 21 42 132 88 90 161 63 182 92 116 113 117 87 166 12 206 33 32 90 30 195 52 48 172 
191 241 179 3 50 92 71 127 154 196 195 8 247 216 130 156 255 176 246 150 176 108 211 94 221 39 110 244 161 209 109 127 192 54 234 59 224 65 148 24 173 204 131 202 206 255 63 30 63 21 175 92 105 2 127 127 33 97 153 160 93 26 76 194 200 158 74 236 251 190 6 64 148 102 159 118 109 214 224 103 37 146 146 159 66 32 12 16 153 102 
81 91 78 32 178 229 140 77 163 19 209 158 80 90 232 158 165 39 115 64 75 41 17 250 75 254 19 164 101 242 78 180 189 35 95 150 124 219 149 198 124 108 64 206 26 198 27 99 88 189 150 67 81 24 54 136 186 218 70 141 238 139 149 44 188 58 142 216 249 26 64 245 14 250 61 225 128 237 107 135 174 222 159 139 189 235 28 84 115 87 
214 1 126 68 156 18 221 39 240 226 108 27 64 167 199 8 207 142 21 60 113 65 84 113 107 104 76 98 31 224 188 95 217 70 95 12 228 143 103 51 170 215 12 94 25 15 73 157 147 174 216 160 24 172 166 34 106 77 48 59 236 17 20 31 243 200 205 209 193 48 80 235 248 122 132 230 37 65 232 11 185 192 198 143 157 199 185 96 163 81 
140 60 138 171 167 7 94 27 252 142 219 229 197 164 42 54 116 185 17 56 49 226 5 103 202 254 19 117 209 97 45 176 123 45 205 220 91 76 104 240 148 57 47 133 168 243 32 24 110 226 96 81 95 124 205 233 194 107 223 124 235 29 54 73 139 90 228 181 72 232 115 161 44 207 140 71 14 50 210 81 122 239 229 206 100 115 255 48 6 85 
63 8 55 206 125 32 59 21 204 169 56 26 117 42 83 212 25 72 62 254 78 182 20 116 205 214 103 38 155 75 218 190 63 40 147 118 218 90 129 176 217 143 171 223 247 170 141 205 204 138 181 59 175 193 169 7 19 114 65 56 53 106 126 176 66 204 154 216 53 197 72 135 179 37 87 255 153 231 205 67 116 240 166 14 42 16 159 65 8 143 
127 17 116 103 31 54 126 206 22 253 11 79 106 116 213 8 33 3 141 73 129 195 175 197 243 97 6 226 76 66 82 1 227 218 21 57 228 94 253 105 131 177 235 140 59 217 15 188 38 182 23 92 6 223 242 180 182 98 156 31 122 172 235 123 228 5 102 1 227 60 159 57 23 5 252 179 255 154 4 171 180 172 17 208 171 174 8 207 60 132 
222 207 233 166 33 154 43 66 77 255 170 233 150 68 55 75 246 31 111 32 170 161 82 184 234 251 59 72 138 138 5 251 205 32 78 91 148 217 22 11 193 28 57 255 232 238 126 28 168 80 185 215 207 203 181 115 37 211 236 203 107 63 197 195 129 98 78 248 59 29 181 152 207 96 130 160 113 4 187 83 240 105 253 176 146 64 74 188 214 118 
240 217 110 42 231 28 163 140 132 50 222 40 207 107 23 250 112 236 220 179 240 146 197 50 83 160 101 117 176 50 168 37 231 24 171 235 7 4 244 54 2 189 155 166 222 198 202 189 94 15 47 144 85 61 48 21 192 31 145 72 60 187 89 194 104 48 17 136 243 194 71 158 72 214 228 37 144 176 53 31 28 49 190 17 84 250 204 162 197 169 
176 119 244 255 185 214 124 207 221 106 179 98 2 166 79 59 254 23 70 243 175 58 238 2 54 16 139 184 76 142 209 191 179 168 21 238 50 16 163 40 39 221 127 177 32 209 2 173 131 81 149 161 42 76 14 55 147 76 206 37 243 173 75 103 93 98 14 183 186 61 78 111 212 20 67 193 176 76 64 116 96 13 73 10 171 184 38 7 41 232 
35 54 30 252 10 168 197 144 131 79 97 209 100 222 164 161 159 104 213 225 219 218 213 105 221 199 201 6 214 173 158 108 196 35 181 28 92 143 214 3 203 112 73 104 62 180 37 126 106 193 199 4 156 174 123 103 5 51 176 220 54 106 108 193 162 103 187 206 4 173 82 109 115 149 167 188 171 49 60 8 43 169 208 199 63 67 184 236 164 107 
32 141 74 128 226 184 221 194 198 122 180 150 201 104 58 2 197 173 110 154 34 127 31 194 207 103 240 110 76 195 215 212 109 9 17 56 162 130 206 59 253 172 152 227 37 238 148 58 131 65 60 186 98 10 55 243 183 63 214 140 198 26 107 150 127 102 121 93 164 54 254 151 33 19 204 176 159 97 41 8 81 158 191 95 95 47 24 102 15 81 
